1 1 2 3 4 5 7 8 9 10 11 12 13
1 1 2 3 4 5 7 8 9 10 11 12 26
1 1 2 3 4 5 7 8 9 11 12 13 20
1 1 2 3 4 5 7 8 9 11 12 20 26
1 1 2 3 4 7 8 9 10 11 12 26 33
1 1 2 3 4 7 8 10 11 12 14 18 26
1 1 2 3 5 6 7 8 9 10 11 13 84
1 1 2 3 5 6 7 8 9 11 13 20 84
1 1 2 3 5 7 8 9 10 11 12 13 19
1 1 2 3 5 7 8 9 10 11 12 13 23
1 2 7 8 9 11 13 20 29 41 50 76 84
1 2 7 8 9 11 13 20 29 41 52 81 84
1 2 7 8 9 11 13 20 29 41 56 76 84
1 2 7 8 9 11 13 20 29 41 57 81 84
1 2 7 8 9 11 13 20 29 41 62 76 84
1 2 7 8 9 11 13 20 29 41 66 81 84
1 2 7 8 9 11 13 20 29 41 68 76 84
1 2 7 8 9 11 13 20 29 41 71 81 84
1 2 7 8 9 11 13 20 29 41 75 76 84
1 2 7 8 9 11 13 20 29 41 76 81 84
1 2 12 31 33 64 65 68 70 82 88 93 95
1 2 12 31 33 64 67 68 69 70 74 82 98
1 2 12 31 33 64 67 68 69 70 82 88 95
1 2 12 31 33 64 67 68 69 70 82 88 98
1 2 12 31 33 64 67 68 70 82 87 88 98
1 2 12 31 33 64 68 70 76 82 88 93 95
1 2 12 31 33 64 68 70 82 88 93 94 95
1 2 12 31 34 35 38 45 52 60 64 83 92
1 2 12 31 34 37 38 45 49 78 80 83 92
1 2 12 31 34 37 38 45 49 78 80 83 97
1 3 4 10 22 27 42 62 67 69 71 88 91
1 3 4 10 22 27 42 62 69 71 76 88 91
1 3 4 10 22 27 42 62 69 71 85 88 91
1 3 4 10 22 27 42 62 69 71 88 91 94
1 3 4 10 22 27 42 62 69 71 88 91 96
1 3 4 10 22 27 42 64 69 74 90 93 96
1 3 4 10 22 27 42 69 71 72 74 93 94
1 3 4 10 22 27 42 69 71 74 93 94 96
1 3 4 10 22 27 42 69 71 75 88 91 96
1 3 4 10 22 27 42 74 76 78 90 93 96
1 3 7 8 10 18 25 26 38 51 67 78 94
1 3 7 8 10 18 25 26 38 51 67 80 94
1 3 7 8 10 18 25 26 38 51 67 82 94
1 3 7 8 10 18 25 26 38 51 67 84 94
1 3 7 8 10 18 25 26 38 51 72 78 94
1 3 7 8 10 18 25 26 38 51 77 84 94
1 3 7 8 10 18 25 26 38 51 78 84 94
1 3 7 8 10 18 25 26 38 51 78 91 94
1 3 7 8 10 18 25 26 38 51 84 88 94
1 3 7 8 10 18 25 26 38 51 84 89 94
1 3 8 15 18 23 26 33 34 48 50 54 84
1 3 8 15 18 23 26 33 37 57 84 89 97
1 3 8 15 18 23 26 33 43 63 81 89 95
1 3 8 15 18 23 26 33 57 63 81 84 89
1 3 8 15 18 23 26 33 63 81 84 85 89
1 3 8 15 18 23 26 37 55 61 70 73 85
1 3 8 15 18 23 26 37 70 72 73 85 89
1 3 8 15 18 23 26 42 55 63 80 81 85
1 3 8 15 18 23 26 49 55 73 80 81 85
1 3 8 15 18 23 27 29 50 52 83 84 89
1 3 14 16 22 25 46 47 64 72 73 80 95
1 3 14 16 22 25 46 47 72 73 80 90 95
1 3 14 16 22 25 46 60 62 63 76 90 91
1 3 14 16 22 25 46 62 63 76 78 90 91
1 3 14 16 22 25 47 51 52 63 79 84 93
1 3 14 16 22 25 47 51 63 64 69 72 80
1 3 14 16 22 25 47 51 63 69 72 80 90
1 3 14 16 22 25 47 52 63 64 72 80 92
1 3 14 16 22 25 47 52 63 72 80 90 92
1 3 14 16 22 25 47 56 63 64 69 72 80
1 4 5 23 24 33 59 71 76 77 82 93 95
1 4 5 23 24 33 70 71 75 76 81 93 95
1 4 5 23 24 33 70 71 81 82 93 94 95
1 4 5 23 24 34 37 38 40 42 45 78 83
1 4 5 23 24 34 38 40 42 45 78 81 83
1 4 5 23 24 34 38 40 42 77 78 81 83
1 4 5 23 24 34 38 59 64 89 91 93 94
1 4 5 23 24 34 38 59 71 89 91 93 94
1 4 5 23 24 34 42 43 44 47 50 80 90
1 4 5 23 24 34 42 43 44 50 76 80 90
1 4 11 13 17 24 25 37 63 76 78 89 97
1 4 11 13 17 24 25 63 74 76 78 89 97
1 4 11 13 17 24 25 63 76 78 81 89 97
1 4 11 13 17 24 25 63 76 78 88 89 97
1 4 11 13 17 24 35 37 56 63 64 69 95
1 4 11 13 17 24 35 37 56 63 69 71 95
1 4 11 13 17 24 35 56 63 64 69 74 95
1 4 11 13 17 24 35 56 63 64 69 88 95
1 4 11 13 17 25 27 29 38 60 63 92 96
1 4 11 13 17 25 28 29 36 38 86 88 89
1 5 6 17 33 35 36 60 63 69 93 95 96
1 5 6 17 33 35 38 40 52 60 63 64 69
1 5 6 17 33 35 38 52 60 63 64 69 93
1 5 6 17 33 35 40 47 52 60 63 64 69
1 5 6 17 33 35 40 52 60 63 64 69 76
1 5 6 17 33 35 40 52 60 63 64 69 85
1 5 6 17 33 35 44 52 63 64 69 79 85
1 5 6 17 33 35 47 52 60 63 64 69 93
1 5 6 17 33 35 52 57 60 63 69 93 96
1 5 6 17 33 35 52 60 63 64 69 76 93
