0 CAP 1000001 10545722
1 CAP 1000001 10567039
2 CAP 1000001 10709949
3 CAP 1000001 10907685
4 CAP 1000001 10371467
5 CAP 1000001 10681724
6 CAP 1000001 10309974
7 CAP 1000001 10839115
8 CAP 1000001 11105610
9 CAP 1000001 11219371
10 CAP 1000001 11926436
11 CAP 1000001 11774985
12 CAP 1000001 11878850
13 CAP 1000001 12244956
14 CAP 1000001 11531136
15 CAP 1000001 11347311
16 CAP 1000001 11420077
17 CAP 1000001 11460196
18 CAP 1000001 11716725
19 CAP 1000001 11854196
20 CAP 1000001 11318325
21 CAP 1000001 12578130
22 CAP 1000001 13164102
23 CAP 1000001 12195410
24 CAP 1000001 11536956
25 CAP 1000001 11602696
26 CAP 1000001 11512223
27 CAP 1000001 11706512
28 CAP 1000001 11060232
29 CAP 1000001 11401634
30 CAP 1000001 11839717
31 CAP 1000001 11933999
32 CAP 1000001 11637709
33 CAP 1000001 11956872
34 CAP 1000001 11561085
35 CAP 1000001 11293974
36 CAP 1000001 11941792
37 CAP 1000001 11407058
38 CAP 1000001 11770397
39 CAP 1000001 11679987
40 CAP 1000001 11705538
41 CAP 1000001 11836635
42 CAP 1000001 11149448
43 CAP 1000001 11459872
44 CAP 1000001 11939837
45 CAP 1000001 11370088
46 CAP 1000001 11900205
47 CAP 1000001 12951591
48 CAP 1000001 14325806
49 CAP 1000001 13017596
50 CAP 1000001 13622081
51 CAP 1000001 11486807
52 CAP 1000001 12183520
53 CAP 1000001 11313304
54 CAP 1000001 11148144
55 CAP 1000001 11904333
56 CAP 1000001 11297839
57 CAP 1000001 11757748
58 CAP 1000001 11759641
59 CAP 1000001 11478950
60 CAP 1000001 12216320
61 CAP 1000001 12280668
62 CAP 1000001 11722946
63 CAP 1000001 11905150
64 CAP 1000001 11186520
65 CAP 1000001 11635313
66 CAP 1000001 11421116
67 CAP 1000001 11471566
68 CAP 1000001 11824700
69 CAP 1000001 11243263
70 CAP 1000001 11256748
71 CAP 1000001 11818513
72 CAP 1000001 11463969
73 CAP 1000001 11841133
74 CAP 1000001 11634501
75 CAP 1000001 11297909
76 CAP 1000001 11192664
77 CAP 1000001 11126049
78 CAP 1000001 11589592
79 CAP 1000001 11882356
80 CAP 1000001 11511844
81 CAP 1000001 11199763
82 CAP 1000001 11579689
83 CAP 1000001 11451999
84 CAP 1000001 11350233
85 CAP 1000001 11391052
86 CAP 1000001 11752774
87 CAP 1000001 11244922
88 CAP 1000001 11704072
89 CAP 1000001 11130543
90 CAP 1000001 11908255
91 CAP 1000001 11287114
92 CAP 1000001 11487243
93 CAP 1000001 11531929
94 CAP 1000001 11588287
95 CAP 1000001 11921158
96 CAP 1000001 11230720
97 CAP 1000001 11408494
98 CAP 1000001 11809450
99 CAP 1000001 11242866
