INFEASIBLE 35 39579 17702126
INFEASIBLE 34 39565 18221772
INFEASIBLE 34 39089 19292748
INFEASIBLE 35 39243 18580967
INFEASIBLE 35 39579 22461241
INFEASIBLE 35 39173 28122469
INFEASIBLE 35 39047 20387512
INFEASIBLE 33 36597 22663304
INFEASIBLE 32 34903 22178957
INFEASIBLE 32 33657 20395452
INFEASIBLE 33 30143 17657834
INFEASIBLE 32 31501 45294077
INFEASIBLE 32 27273 14886106
INFEASIBLE 32 26867 15158110
INFEASIBLE 31 23857 13428786
INFEASIBLE 31 25873 13440876
INFEASIBLE 32 24529 12815637
INFEASIBLE 31 18887 10069720
INFEASIBLE 34 22219 13100621
INFEASIBLE 35 37899 26412375
INFEASIBLE 35 36681 27359528
INFEASIBLE 34 39019 27886296
INFEASIBLE 34 39313 27222197
INFEASIBLE 34 39075 32882855
INFEASIBLE 34 39369 36256661
INFEASIBLE 33 39341 29755572
INFEASIBLE 33 39019 96666967
INFEASIBLE 32 38333 22286168
INFEASIBLE 32 39159 24061933
INFEASIBLE 32 38655 24835094
INFEASIBLE 33 39005 24358017
INFEASIBLE 32 39103 25172348
INFEASIBLE 32 39047 24596780
INFEASIBLE 32 38935 24522689
INFEASIBLE 32 38641 23942791
INFEASIBLE 32 37605 21741311
INFEASIBLE 31 33503 18662438
INFEASIBLE 31 30927 19541091
INFEASIBLE 31 23283 15654796
INFEASIBLE 32 20483 14646013
INFEASIBLE 32 20175 14000624
INFEASIBLE 33 16647 9827036
INFEASIBLE 35 37647 25372841
INFEASIBLE 34 38025 29057372
INFEASIBLE 33 34413 22885307
INFEASIBLE 33 38137 24646200
INFEASIBLE 34 38179 24287555
INFEASIBLE 34 38165 24629321
INFEASIBLE 33 37899 24799573
INFEASIBLE 33 37605 24749572
INFEASIBLE 33 38403 25390371
INFEASIBLE 33 38809 26049610
INFEASIBLE 32 37087 23761948
INFEASIBLE 33 32873 20675436
INFEASIBLE 34 28939 166168977
INFEASIBLE 35 20203 11307826
INFEASIBLE 34 17711 9784535
INFEASIBLE 33 17487 9695394
INFEASIBLE 32 12237 6247337
INFEASIBLE 33 38641 22964317
INFEASIBLE 34 37983 22595803
INFEASIBLE 34 36471 20617005
INFEASIBLE 34 30381 15748777
INFEASIBLE 34 21015 9963228
INFEASIBLE 33 7141 3284626
INFEASIBLE 32 4803 2089568
INFEASIBLE 32 4481 2011078
INFEASIBLE 33 5153 2292952
INFEASIBLE 33 6091 2627246
INFEASIBLE 32 6791 3407827
INFEASIBLE 31 6455 3136844
INFEASIBLE 31 4173 1916436
INFEASIBLE 32 6497 3057483
INFEASIBLE 33 17641 8504267
INFEASIBLE 33 7057 3900904
INFEASIBLE 32 4691 2562596
INFEASIBLE 32 4579 2504634
INFEASIBLE 32 2297 1072115
INFEASIBLE 34 4159 1938047
INFEASIBLE 35 23115 12918488
INFEASIBLE 36 12433 7418703
INFEASIBLE 36 10725 6796764
INFEASIBLE 35 11537 7494184
INFEASIBLE 34 39509 27963706
INFEASIBLE 34 39439 29516068
INFEASIBLE 33 39243 28503054
INFEASIBLE 35 39537 29089552
INFEASIBLE 34 39145 27699492
INFEASIBLE 33 38977 27406628
INFEASIBLE 34 36541 25355911
INFEASIBLE 31 34637 22793506
INFEASIBLE 31 34287 20885749
INFEASIBLE 31 29513 17562112
INFEASIBLE 33 31515 19809983
INFEASIBLE 31 27637 16286527
INFEASIBLE 31 27189 16056832
INFEASIBLE 31 23773 13658488
INFEASIBLE 30 25215 14481161
INFEASIBLE 30 24263 13735930
INFEASIBLE 32 19055 11336517
FEASIBLE 27 13620 7647805
FEASIBLE 27 2764 1361089
INFEASIBLE 30 33881 20725246
FEASIBLE 27 5 3480
INFEASIBLE 27 33027 17889759
INFEASIBLE 30 34567 21649390
INFEASIBLE 28 33517 20558574
INFEASIBLE 26 28911 17309420
INFEASIBLE 28 34231 22489421
FEASIBLE 26 2667 1459892
INFEASIBLE 28 34161 20686054
INFEASIBLE 27 33587 17812326
INFEASIBLE 30 34063 21562498
FEASIBLE 25 20 9500
FEASIBLE 26 3610 1872795
FEASIBLE 27 3117 1685802
INFEASIBLE 28 35827 21701420
INFEASIBLE 27 35911 20642805
INFEASIBLE 28 36093 22085336
INFEASIBLE 30 35295 25548134
FEASIBLE 27 12 8769
FEASIBLE 25 96 35700
INFEASIBLE 28 33839 21268122
INFEASIBLE 28 33153 21312855
INFEASIBLE 30 33895 22438878
INFEASIBLE 28 32355 20478033
INFEASIBLE 26 34693 22412070
INFEASIBLE 30 34217 22932578
INFEASIBLE 29 34595 25334520
INFEASIBLE 28 29443 18173871
INFEASIBLE 30 34161 25150856
INFEASIBLE 28 29135 18616396
FEASIBLE 29 4117 2438604
INFEASIBLE 27 33937 21135002
INFEASIBLE 29 31725 22199617
INFEASIBLE 29 32803 19970406
FEASIBLE 26 6 3610
INFEASIBLE 29 28561 18121290
INFEASIBLE 28 25453 15334962
INFEASIBLE 27 22723 13593129
FEASIBLE 26 65 29190
FEASIBLE 27 4 3890
INFEASIBLE 29 24179 16826962
FEASIBLE 28 5277 2876200
INFEASIBLE 28 20021 11418607
INFEASIBLE 31 30927 21497116
INFEASIBLE 28 24389 14131155
INFEASIBLE 30 34833 25662454
INFEASIBLE 27 30843 21680409
INFEASIBLE 29 31977 23062298
INFEASIBLE 29 31683 23372334
INFEASIBLE 29 31991 24566490
INFEASIBLE 29 34063 346704525
FEASIBLE 26 5 2849
FEASIBLE 28 190 100492
FEASIBLE 28 2645 1350888
FEASIBLE 30 233 129541
FEASIBLE 28 192 88201
INFEASIBLE 28 36387 18803619
FEASIBLE 28 218 124722
FEASIBLE 27 21 7480
FEASIBLE 27 5133 2348701
INFEASIBLE 28 32355 16842223
INFEASIBLE 31 36219 21581559
INFEASIBLE 28 33629 17747105
FEASIBLE 28 204 98401
INFEASIBLE 30 34721 19560799
INFEASIBLE 28 33853 18215032
INFEASIBLE 27 32369 16157954
INFEASIBLE 28 34091 17093626
FEASIBLE 25 5 3970
FEASIBLE 26 5 2149
FEASIBLE 26 1034 492527
FEASIBLE 27 4436 1977008
FEASIBLE 26 1815 693540
INFEASIBLE 29 31809 16238464
INFEASIBLE 28 28855 14522909
INFEASIBLE 26 31403 16488177
INFEASIBLE 28 35295 20224989
FEASIBLE 30 2596 1597183
FEASIBLE 27 4867 2475114
INFEASIBLE 26 32929 16788311
FEASIBLE 28 7050 3413657
INFEASIBLE 28 32187 19434788
FEASIBLE 25 2106 953323
INFEASIBLE 28 34231 20810097
FEASIBLE 26 1992 978913
INFEASIBLE 29 31277 20223547
INFEASIBLE 28 30997 21451486
INFEASIBLE 28 32551 21363424
INFEASIBLE 30 35169 22998147
INFEASIBLE 32 35785 24539747
INFEASIBLE 33 34889 22403378
INFEASIBLE 30 35239 21441046
INFEASIBLE 29 34399 21932743
INFEASIBLE 31 33839 24433248
INFEASIBLE 32 34469 23094868
INFEASIBLE 28 31501 19321626
INFEASIBLE 27 32355 19062423
FEASIBLE 29 5594 3707731
INFEASIBLE 25 33993 17786826
INFEASIBLE 27 31487 18349613
INFEASIBLE 28 30199 18247313
INFEASIBLE 32 34735 23911030
INFEASIBLE 27 28057 17696753
INFEASIBLE 28 27189 16772751
INFEASIBLE 29 32033 18826450
INFEASIBLE 27 33041 18447545
INFEASIBLE 28 31977 18222342
INFEASIBLE 28 33601 19326687
INFEASIBLE 28 33111 18709888
FEASIBLE 29 21 12760
INFEASIBLE 32 36149 22308708
INFEASIBLE 30 34413 19951965
INFEASIBLE 30 31459 18523276
INFEASIBLE 30 34301 21926932
INFEASIBLE 29 30185 18324562
INFEASIBLE 32 29877 19786193
INFEASIBLE 34 34063 22462041
INFEASIBLE 31 29037 18122941
INFEASIBLE 29 27889 17497822
INFEASIBLE 29 23801 14616051
INFEASIBLE 30 31291 19256966
INFEASIBLE 28 30185 16645569
INFEASIBLE 30 18957 11250845
INFEASIBLE 31 22331 14032744
INFEASIBLE 30 25075 15701606
FEASIBLE 28 20397 11943485
INFEASIBLE 28 22373 13038810
INFEASIBLE 29 25257 15712246
INFEASIBLE 30 24627 14633672
INFEASIBLE 30 27021 16595538
INFEASIBLE 30 27511 17543211
INFEASIBLE 32 28141 19605601
INFEASIBLE 32 24669 15258200
INFEASIBLE 31 24473 15327871
INFEASIBLE 32 27623 17984708
INFEASIBLE 32 22541 14346698
INFEASIBLE 32 24277 16296024
INFEASIBLE 32 24277 15986780
INFEASIBLE 33 29107 18741658
INFEASIBLE 32 28351 19135594
INFEASIBLE 31 37857 26759339
INFEASIBLE 28 36793 23237560
INFEASIBLE 28 33111 20521873
INFEASIBLE 31 34245 23089048
INFEASIBLE 31 35701 23952710
INFEASIBLE 29 38319 26428585
INFEASIBLE 31 38403 27037112
INFEASIBLE 30 38025 28348441
INFEASIBLE 29 34763 24081462
INFEASIBLE 28 34427 21210022
INFEASIBLE 28 30381 19240636
INFEASIBLE 29 27525 18008678
INFEASIBLE 30 29443 18913460
INFEASIBLE 33 34889 24305214
INFEASIBLE 31 30941 21899051
INFEASIBLE 30 38837 29330695
INFEASIBLE 28 36835 23939410
INFEASIBLE 32 35827 26132890
INFEASIBLE 27 35603 23114108
INFEASIBLE 29 33573 22764723
INFEASIBLE 29 30269 20188299
INFEASIBLE 31 31767 20974489
INFEASIBLE 31 33531 23315141
INFEASIBLE 29 37339 26938771
INFEASIBLE 30 38305 29850902
INFEASIBLE 31 37675 27431438
INFEASIBLE 31 34721 25173717
INFEASIBLE 29 37871 28395181
INFEASIBLE 30 38137 28767016
INFEASIBLE 29 37661 30353348
INFEASIBLE 28 31081 20922898
INFEASIBLE 28 29905 21738249
INFEASIBLE 29 32523 24532077
INFEASIBLE 27 26307 15616315
INFEASIBLE 32 34063 25143006
INFEASIBLE 30 32397 24180513
INFEASIBLE 29 19377 14103234
INFEASIBLE 29 19643 12302179
INFEASIBLE 31 22219 15345152
INFEASIBLE 33 32593 24392856
INFEASIBLE 32 21799 15038927
INFEASIBLE 30 38193 30400709
INFEASIBLE 30 36863 26402483
INFEASIBLE 30 34721 25864556
INFEASIBLE 29 33895 24992915
INFEASIBLE 29 37843 29708359
INFEASIBLE 27 31809 20286429
INFEASIBLE 28 33097 22951146
INFEASIBLE 26 25677 14405958
INFEASIBLE 31 35561 27727651
INFEASIBLE 28 32649 22279787
INFEASIBLE 27 22009 12418011
INFEASIBLE 29 20707 11969945
INFEASIBLE 31 23913 14872375
INFEASIBLE 31 21687 13939652
INFEASIBLE 32 36373 26549665
INFEASIBLE 28 34539 22864735
INFEASIBLE 31 33825 24165833
INFEASIBLE 30 36233 29199622
INFEASIBLE 30 33713 24483467
INFEASIBLE 29 34931 23607495
INFEASIBLE 31 35561 26563846
INFEASIBLE 33 36877 30666602
INFEASIBLE 31 36653 29587988
INFEASIBLE 30 36849 30491530
INFEASIBLE 32 36163 757467109
INFEASIBLE 30 34973 20160697
INFEASIBLE 29 35589 21690438
INFEASIBLE 31 34469 22795874
INFEASIBLE 28 32565 19772072
INFEASIBLE 29 33461 20803457
INFEASIBLE 29 33951 20696575
INFEASIBLE 30 33629 22419878
INFEASIBLE 30 36359 27093622
INFEASIBLE 30 35645 23825488
INFEASIBLE 32 35477 24858912
INFEASIBLE 30 34077 20917048
INFEASIBLE 31 28001 16509157
INFEASIBLE 33 35743 24044571
INFEASIBLE 32 34063 22763103
INFEASIBLE 30 30059 17321527
INFEASIBLE 31 25775 15165969
INFEASIBLE 31 33265 19340956
INFEASIBLE 29 19153 9315157
INFEASIBLE 28 17697 8729690
INFEASIBLE 29 17305 9699284
INFEASIBLE 31 28771 16650699
INFEASIBLE 30 22625 12027605
INFEASIBLE 29 14925 8007809
INFEASIBLE 29 12839 6860435
INFEASIBLE 33 35421 23231448
INFEASIBLE 31 19293 10560526
INFEASIBLE 32 19447 10650167
INFEASIBLE 32 38347 24581986
INFEASIBLE 30 36247 20849207
INFEASIBLE 28 35309 20032265
INFEASIBLE 28 32677 22622411
INFEASIBLE 32 37493 30701732
INFEASIBLE 33 38291 28863517
INFEASIBLE 30 37717 26673666
INFEASIBLE 32 37311 28528202
INFEASIBLE 30 36485 26764858
INFEASIBLE 29 36807 24536418
INFEASIBLE 28 36765 23787148
INFEASIBLE 31 37059 25366038
INFEASIBLE 29 34735 21508646
INFEASIBLE 29 32047 19974763
INFEASIBLE 29 32621 20208059
INFEASIBLE 30 33055 20064695
INFEASIBLE 29 29471 17051003
INFEASIBLE 32 25369 15638375
INFEASIBLE 30 34679 21402755
INFEASIBLE 29 35295 21194393
INFEASIBLE 30 36975 23560022
INFEASIBLE 32 37311 23125957
INFEASIBLE 30 37423 22263165
INFEASIBLE 31 37941 25192535
INFEASIBLE 31 33055 20382441
INFEASIBLE 30 36051 24095312
INFEASIBLE 30 35953 22379446
INFEASIBLE 31 36863 23379082
INFEASIBLE 33 33671 20219629
INFEASIBLE 31 30129 18252740
INFEASIBLE 29 28197 15965759
INFEASIBLE 30 24907 13453075
INFEASIBLE 31 23703 13650888
INFEASIBLE 31 36485 21886872
INFEASIBLE 32 36555 24691269
INFEASIBLE 32 32859 21296892
INFEASIBLE 32 28995 20317119
INFEASIBLE 31 15205 9551620
INFEASIBLE 30 15583 8987323
INFEASIBLE 29 15289 7551504
INFEASIBLE 30 18649 10040988
INFEASIBLE 29 26741 14447399
INFEASIBLE 30 13357 6435589
INFEASIBLE 29 13763 6818715
INFEASIBLE 29 13371 6326407
INFEASIBLE 30 31249 17529241
INFEASIBLE 30 24263 12627144
INFEASIBLE 31 12671 6434499
INFEASIBLE 30 9647 4589193
INFEASIBLE 30 10361 4491822
INFEASIBLE 33 11537 5371163
INFEASIBLE 33 37101 22869773
INFEASIBLE 33 15471 8714110
INFEASIBLE 32 14519 8120161
INFEASIBLE 28 31557 18391562
INFEASIBLE 29 36289 22527910
INFEASIBLE 30 35589 21827149
INFEASIBLE 31 38249 24324193
INFEASIBLE 32 38585 25263616
INFEASIBLE 30 32033 19520279
INFEASIBLE 32 32635 20715455
INFEASIBLE 31 29611 19169663
INFEASIBLE 31 28435 17813704
INFEASIBLE 31 28099 17654163
INFEASIBLE 33 34399 22561838
FEASIBLE 23 5 4539
FEASIBLE 22 20 9401
FEASIBLE 24 20 9659
INFEASIBLE 25 35631 17352498
FEASIBLE 24 3919 1698233
INFEASIBLE 28 37269 21149751
INFEASIBLE 27 35603 19233884
FEASIBLE 24 7 5440
FEASIBLE 23 2568 1042953
FEASIBLE 22 2727 1056394
FEASIBLE 24 444 197122
FEASIBLE 24 992 458047
INFEASIBLE 25 35953 17574921
INFEASIBLE 27 36597 20941988
INFEASIBLE 29 30017 17244716
FEASIBLE 26 5 6980
FEASIBLE 22 189 70890
FEASIBLE 23 5 6111
FEASIBLE 25 5411 3040553
INFEASIBLE 25 36681 20317300
FEASIBLE 24 5 5130
FEASIBLE 25 5357 2701417
FEASIBLE 25 7263 3175623
FEASIBLE 25 16219 8157132
INFEASIBLE 28 34679 19923203
INFEASIBLE 28 30521 17581250
INFEASIBLE 26 32355 17477469
INFEASIBLE 26 31669 16873752
INFEASIBLE 26 28883 14524770
INFEASIBLE 27 31235 18589535
INFEASIBLE 27 31361 17912155
INFEASIBLE 27 28379 14027342
INFEASIBLE 29 29541 16870120
INFEASIBLE 31 23759 14392118
INFEASIBLE 25 32033 16077831
FEASIBLE 24 9 7570
FEASIBLE 23 1136 449206
FEASIBLE 25 6 4390
FEASIBLE 24 7783 3446167
INFEASIBLE 25 26237 14045043
INFEASIBLE 27 29947 18072467
FEASIBLE 28 5 4920
FEASIBLE 26 38 24700
FEASIBLE 23 21 13200
FEASIBLE 23 6 3940
FEASIBLE 24 9754 5170811
FEASIBLE 24 8360 4084416
FEASIBLE 24 188 75340
INFEASIBLE 30 33615 24620049
INFEASIBLE 27 28561 17071955
INFEASIBLE 28 18915 12722843
FEASIBLE 23 6 6110
FEASIBLE 25 6 4860
FEASIBLE 24 1910 1204726
FEASIBLE 21 393 250634
FEASIBLE 24 1799 971733
INFEASIBLE 26 33573 20560102
FEASIBLE 25 5359 3071514
FEASIBLE 24 5 3329
FEASIBLE 23 1771 725730
FEASIBLE 23 541 290624
FEASIBLE 24 5 3330
INFEASIBLE 27 32747 21603016
INFEASIBLE 28 28617 18231700
FEASIBLE 27 358 209683
INFEASIBLE 27 17221 11012100
FEASIBLE 27 679 402205
FEASIBLE 21 160 80272
FEASIBLE 23 9 5650
INFEASIBLE 26 28225 15981129
FEASIBLE 22 5 4160
FEASIBLE 22 20 9200
INFEASIBLE 24 25271 13122480
FEASIBLE 23 21 18740
INFEASIBLE 26 18887 10797279
FEASIBLE 24 4491 2086989
INFEASIBLE 25 31585 18149818
INFEASIBLE 25 29275 15183868
INFEASIBLE 26 24543 13312242
INFEASIBLE 27 24655 15069337
INFEASIBLE 28 21463 12871077
FEASIBLE 24 2359 957483
FEASIBLE 25 2471 1297758
INFEASIBLE 28 28113 16482686
INFEASIBLE 25 28715 16372705
INFEASIBLE 27 33769 19569008
INFEASIBLE 28 26083 14603811
INFEASIBLE 29 23829 12892917
FEASIBLE 24 9 7010
FEASIBLE 22 2293 1039804
FEASIBLE 24 150 68411
FEASIBLE 24 16674 7879638
INFEASIBLE 26 19853 10663416
FEASIBLE 23 4 3560
FEASIBLE 24 5 3560
FEASIBLE 22 118 56551
FEASIBLE 23 160 75741
FEASIBLE 20 35 23091
FEASIBLE 22 194 70061
INFEASIBLE 25 17515 8199322
INFEASIBLE 28 34609 20837766
INFEASIBLE 28 32859 22333186
INFEASIBLE 28 31879 24343604
FEASIBLE 28 2610 1618972
FEASIBLE 26 20 15971
INFEASIBLE 25 34063 21139990
FEASIBLE 27 5 3620
INFEASIBLE 28 34637 22072262
INFEASIBLE 31 34735 27085641
INFEASIBLE 31 34497 27698490
INFEASIBLE 28 35897 25117835
INFEASIBLE 27 33167 24384164
INFEASIBLE 27 33671 23029406
INFEASIBLE 31 33013 24596698
INFEASIBLE 29 33811 24277173
INFEASIBLE 28 31991 24011009
INFEASIBLE 30 33461 28382599
INFEASIBLE 27 31459 25044334
INFEASIBLE 27 33167 22145814
FEASIBLE 26 5 4330
FEASIBLE 27 4613 2762758
FEASIBLE 26 19 9760
INFEASIBLE 26 25495 15326400
INFEASIBLE 27 27147 21961171
INFEASIBLE 29 29527 24477336
FEASIBLE 27 2443 1460450
INFEASIBLE 27 23437 16672039
INFEASIBLE 29 21981 14822753
INFEASIBLE 30 26573 17218896
INFEASIBLE 29 22653 15209209
INFEASIBLE 29 26531 17883015
INFEASIBLE 31 31067 26511414
INFEASIBLE 27 31445 23610794
INFEASIBLE 27 29093 18819748
INFEASIBLE 26 28155 16601528
INFEASIBLE 28 27973 18531174
INFEASIBLE 30 22373 17116255
INFEASIBLE 27 23353 16243912
INFEASIBLE 28 24781 17387329
INFEASIBLE 31 28729 22476918
INFEASIBLE 30 24543 17369008
INFEASIBLE 30 34931 28463940
FEASIBLE 28 5 4010
INFEASIBLE 28 34175 23072276
FEASIBLE 27 5 3540
INFEASIBLE 29 34119 23582903
INFEASIBLE 28 31305 20472991
INFEASIBLE 28 33293 21940541
INFEASIBLE 30 31907 23041206
INFEASIBLE 32 38487 27647869
INFEASIBLE 27 29317 17840235
INFEASIBLE 28 30269 18580075
INFEASIBLE 27 30493 18304090
INFEASIBLE 27 25369 15060816
INFEASIBLE 27 28015 16818620
INFEASIBLE 27 25411 15068077
INFEASIBLE 29 30437 20093925
INFEASIBLE 29 22205 14241875
INFEASIBLE 27 35491 22249215
INFEASIBLE 28 35659 23543923
INFEASIBLE 28 34287 24500815
INFEASIBLE 28 36877 23387500
FEASIBLE 26 343 174092
INFEASIBLE 29 34609 23462122
FEASIBLE 29 7 8000
INFEASIBLE 29 29821 19705990
INFEASIBLE 27 28785 16900742
INFEASIBLE 31 32747 22621910
INFEASIBLE 31 33195 22726871
INFEASIBLE 30 31207 21251461
INFEASIBLE 27 31459 20449480
INFEASIBLE 29 35743 28211056
INFEASIBLE 29 33937 24684088
INFEASIBLE 27 31445 20643093
INFEASIBLE 28 34441 25812024
INFEASIBLE 27 33601 20982037
INFEASIBLE 28 33055 20128125
FEASIBLE 27 6 6951
INFEASIBLE 27 25103 14352416
INFEASIBLE 27 22723 12596903
INFEASIBLE 30 33755 23423751
INFEASIBLE 29 19335 11651319
INFEASIBLE 28 21001 12488211
INFEASIBLE 28 19419 11398366
INFEASIBLE 30 16983 11668270
INFEASIBLE 30 23591 15924198
INFEASIBLE 30 24697 17584051
INFEASIBLE 29 35491 32178781
INFEASIBLE 29 33811 27032760
INFEASIBLE 28 33125 24271382
INFEASIBLE 30 33013 26929169
INFEASIBLE 30 32425 27368555
INFEASIBLE 28 31193 21755058
INFEASIBLE 29 34091 24886511
FEASIBLE 27 11 6370
FEASIBLE 27 6 7580
INFEASIBLE 26 26139 14351587
FEASIBLE 26 3 2140
INFEASIBLE 28 29513 18934470
INFEASIBLE 29 27833 19850822
INFEASIBLE 28 35379 25668391
FEASIBLE 28 110 52170
INFEASIBLE 28 29359 19747001
INFEASIBLE 27 36219 26060557
INFEASIBLE 27 32439 21768018
INFEASIBLE 27 32271 23460442
FEASIBLE 26 5137 3250034
INFEASIBLE 28 27945 18375362
INFEASIBLE 31 36149 28680723
INFEASIBLE 30 33699 27760140
INFEASIBLE 29 31963 25378367
INFEASIBLE 30 27273 25982726
INFEASIBLE 29 23759 20678453
INFEASIBLE 30 34665 29121729
INFEASIBLE 28 34861 25677642
FEASIBLE 26 2836 1582081
INFEASIBLE 30 37143 29525154
INFEASIBLE 29 30353 21415923
INFEASIBLE 29 32803 24707038
INFEASIBLE 31 36695 29295071
INFEASIBLE 29 30059 20325368
INFEASIBLE 28 27413 18283761
INFEASIBLE 29 27049 18156188
INFEASIBLE 32 25117 18956720
INFEASIBLE 31 25621 19393755
INFEASIBLE 31 24333 18089838
INFEASIBLE 27 22793 14488518
INFEASIBLE 26 22751 13969461
INFEASIBLE 30 26867 19620088
INFEASIBLE 29 21421 16929072
INFEASIBLE 29 22079 15979499
FEASIBLE 28 35 17670
INFEASIBLE 28 25999 22233804
INFEASIBLE 31 22933 19767130
INFEASIBLE 31 24865 19479317
INFEASIBLE 31 28715 21327152
INFEASIBLE 32 24753 18203929
INFEASIBLE 29 26279 20429650
INFEASIBLE 30 25649 18242988
INFEASIBLE 30 23143 17121075
INFEASIBLE 30 20259 14424837
INFEASIBLE 31 26951 20892996
INFEASIBLE 32 30619 22715262
INFEASIBLE 34 25705 19550468
INFEASIBLE 33 26951 21199950
INFEASIBLE 33 27637 22214094
INFEASIBLE 33 28659 21117929
INFEASIBLE 33 20231 15418462
INFEASIBLE 33 24165 17295818
INFEASIBLE 30 35869 26267469
INFEASIBLE 28 32033 21886350
INFEASIBLE 31 34931 26354911
INFEASIBLE 28 31375 20695304
INFEASIBLE 30 31501 19772931
INFEASIBLE 28 34273 23830875
FEASIBLE 28 5 3880
INFEASIBLE 26 23381 13267942
FEASIBLE 25 230 112342
FEASIBLE 25 17 12280
INFEASIBLE 30 35309 24320753
INFEASIBLE 27 24865 14380297
FEASIBLE 27 2710 1609062
INFEASIBLE 33 33559 24493763
INFEASIBLE 31 31963 22214714
INFEASIBLE 29 25537 17010563
INFEASIBLE 30 22541 15560063
INFEASIBLE 29 37255 26853797
INFEASIBLE 29 33699 23235128
FEASIBLE 27 6 6190
INFEASIBLE 27 31949 20149735
INFEASIBLE 30 34259 24156860
INFEASIBLE 27 31963 21252740
INFEASIBLE 27 33405 21323912
INFEASIBLE 28 29107 19752249
INFEASIBLE 26 21799 13418013
INFEASIBLE 26 20567 12526550
FEASIBLE 25 2990 1650303
INFEASIBLE 27 20553 13447904
INFEASIBLE 28 21883 14601339
INFEASIBLE 29 21645 15075796
INFEASIBLE 30 18509 13346442
INFEASIBLE 30 34791 25693881
INFEASIBLE 29 36933 27696729
INFEASIBLE 29 31627 21495494
INFEASIBLE 26 30423 17125136
FEASIBLE 26 3 2531
INFEASIBLE 29 35141 23003743
INFEASIBLE 28 25523 15709975
INFEASIBLE 28 27833 16637339
INFEASIBLE 31 30185 21322380
INFEASIBLE 30 25999 18053767
INFEASIBLE 30 35729 26443092
INFEASIBLE 32 35981 26883367
INFEASIBLE 29 33167 21975351
INFEASIBLE 30 35813 24986262
INFEASIBLE 29 28729 17173315
INFEASIBLE 28 22317 13432493
INFEASIBLE 28 24781 15082858
INFEASIBLE 28 26069 15776815
INFEASIBLE 30 24837 17127446
INFEASIBLE 29 35673 27680677
INFEASIBLE 30 36247 32117479
INFEASIBLE 30 30633 28843885
INFEASIBLE 29 31557 29612175
INFEASIBLE 30 28155 25130103
INFEASIBLE 33 30241 1600997703
INFEASIBLE 32 28407 20479689
INFEASIBLE 31 36919 29183458
INFEASIBLE 30 34651 28103383
INFEASIBLE 27 31599 23016604
INFEASIBLE 30 33867 26987259
INFEASIBLE 26 33181 21333201
INFEASIBLE 29 34399 26107796
INFEASIBLE 29 29709 21479883
INFEASIBLE 31 30661 22920703
INFEASIBLE 29 34427 27419984
INFEASIBLE 30 32369 26131387
INFEASIBLE 32 34945 27960641
INFEASIBLE 28 31011 22370725
INFEASIBLE 31 35771 29456162
INFEASIBLE 26 31515 18781856
INFEASIBLE 28 33573 21696096
INFEASIBLE 26 30017 16944111
INFEASIBLE 27 27511 15874777
INFEASIBLE 25 25159 12893606
INFEASIBLE 27 29317 17731292
INFEASIBLE 28 26447 15393140
INFEASIBLE 25 14141 7532093
INFEASIBLE 27 23199 12322888
INFEASIBLE 29 19559 11444636
INFEASIBLE 27 28337 15612943
INFEASIBLE 29 35673 23646473
INFEASIBLE 27 32677 19384225
INFEASIBLE 28 26251 15242418
INFEASIBLE 28 24655 14673150
INFEASIBLE 31 25117 18065446
INFEASIBLE 28 25761 16168851
INFEASIBLE 31 28015 19148851
INFEASIBLE 31 20931 13690496
INFEASIBLE 28 33643 20629322
INFEASIBLE 26 32523 18528942
INFEASIBLE 30 25383 15268849
INFEASIBLE 27 22779 13119319
INFEASIBLE 28 22961 13391352
INFEASIBLE 31 28225 18926278
INFEASIBLE 30 26895 15986378
INFEASIBLE 31 27595 16209871
INFEASIBLE 28 24417 14262745
INFEASIBLE 26 23017 11440866
INFEASIBLE 30 26461 16858100
INFEASIBLE 29 23745 14223734
INFEASIBLE 27 24081 14877293
INFEASIBLE 26 23759 14316715
INFEASIBLE 29 26573 17911334
INFEASIBLE 29 21757 13473194
INFEASIBLE 27 16535 10114018
INFEASIBLE 29 15093 12199696
INFEASIBLE 31 20301 15582462
INFEASIBLE 30 14323 10255060
INFEASIBLE 28 15821 10429432
INFEASIBLE 27 20497 12423500
INFEASIBLE 30 15947 10902308
INFEASIBLE 28 19223 12281668
INFEASIBLE 28 22051 14824642
INFEASIBLE 30 18831 13328492
INFEASIBLE 31 29905 21898618
INFEASIBLE 32 19993 14090602
INFEASIBLE 30 24501 16585126
INFEASIBLE 31 22555 14881983
INFEASIBLE 31 23535 15250378
INFEASIBLE 32 21589 15157717
INFEASIBLE 33 15877 11010380
INFEASIBLE 29 34847 22981473
INFEASIBLE 30 35827 24140769
INFEASIBLE 32 38221 28706162
INFEASIBLE 29 34161 24320092
INFEASIBLE 30 35463 27449704
INFEASIBLE 28 28771 17459188
INFEASIBLE 28 35729 23485150
INFEASIBLE 30 33153 22449526
INFEASIBLE 29 30297 20387168
INFEASIBLE 28 32761 21120478
INFEASIBLE 30 29737 19764059
INFEASIBLE 30 29905 20638402
INFEASIBLE 32 32537 23672152
INFEASIBLE 30 27175 18496983
INFEASIBLE 26 26559 17337566
INFEASIBLE 27 27847 19427305
INFEASIBLE 29 23759 16914401
INFEASIBLE 30 24263 18117257
INFEASIBLE 28 16115 11675419
INFEASIBLE 32 24123 19304443
INFEASIBLE 28 20805 14467467
INFEASIBLE 31 28855 21668525
INFEASIBLE 31 24697 19277273
INFEASIBLE 30 27161 19576856
INFEASIBLE 30 23759 17980934
INFEASIBLE 31 23983 17831582
INFEASIBLE 32 17515 12973206
INFEASIBLE 29 33251 22649049
FEASIBLE 27 598 322494
INFEASIBLE 30 38263 28473638
INFEASIBLE 27 36107 22964443
INFEASIBLE 28 36177 24494754
INFEASIBLE 31 38291 27688177
FEASIBLE 27 22 16890
INFEASIBLE 28 33755 22992313
INFEASIBLE 30 33811 24227320
INFEASIBLE 26 31669 19332944
INFEASIBLE 29 35309 23204876
INFEASIBLE 27 22457 13655886
INFEASIBLE 29 31739 21036737
INFEASIBLE 28 35729 23107044
INFEASIBLE 30 25453 17262235
INFEASIBLE 28 37045 24311001
INFEASIBLE 28 27413 17524239
INFEASIBLE 32 38053 28699511
INFEASIBLE 31 29681 19648017
INFEASIBLE 27 29457 16102580
INFEASIBLE 30 30955 18600773
INFEASIBLE 30 27133 17491128
INFEASIBLE 32 31263 21517703
INFEASIBLE 27 16941 10237279
INFEASIBLE 28 19181 11588567
INFEASIBLE 28 35239 20391588
INFEASIBLE 29 23577 13611215
INFEASIBLE 29 23843 13150081
INFEASIBLE 32 25019 15899107
INFEASIBLE 30 37647 24114069
INFEASIBLE 32 27973 16802368
INFEASIBLE 32 29499 18091416
INFEASIBLE 26 31991 16252402
INFEASIBLE 26 33545 18660115
FEASIBLE 24 176 98341
INFEASIBLE 32 38403 25188823
INFEASIBLE 29 36793 23769754
INFEASIBLE 30 36107 23369578
INFEASIBLE 30 36163 22913963
INFEASIBLE 29 32369 18914497
INFEASIBLE 28 30535 15913557
INFEASIBLE 28 33965 19995843
INFEASIBLE 31 36345 24738626
INFEASIBLE 29 34847 22125213
INFEASIBLE 30 35771 23284907
INFEASIBLE 27 28337 16822669
INFEASIBLE 27 31599 18545322
INFEASIBLE 27 37647 24851898
INFEASIBLE 30 35967 25707281
INFEASIBLE 28 30983 16658557
INFEASIBLE 27 28827 16578346
INFEASIBLE 28 28967 16212289
INFEASIBLE 26 24193 12350408
INFEASIBLE 28 29275 17688071
INFEASIBLE 28 24865 13667795
INFEASIBLE 25 29625 15337759
INFEASIBLE 30 18817 11684468
INFEASIBLE 29 25341 14153802
INFEASIBLE 29 25999 14277714
INFEASIBLE 31 26475 14194033
FEASIBLE 24 5 3340
INFEASIBLE 26 34847 20222595
INFEASIBLE 30 36261 24223109
INFEASIBLE 29 37787 24456143
INFEASIBLE 28 37605 24826808
INFEASIBLE 28 36541 23805213
INFEASIBLE 28 34399 22461964
INFEASIBLE 27 29765 17403457
INFEASIBLE 27 29989 18847486
INFEASIBLE 28 29555 18595542
INFEASIBLE 27 29359 17567660
INFEASIBLE 27 26069 14776831
INFEASIBLE 29 22821 15141446
INFEASIBLE 29 24711 15269547
INFEASIBLE 27 25159 13528664
INFEASIBLE 30 17515 11489846
INFEASIBLE 29 18719 11060851
INFEASIBLE 29 25887 15905078
INFEASIBLE 31 26671 14824142
FEASIBLE 28 36 27210
INFEASIBLE 29 34035 20612830
INFEASIBLE 27 31389 16524734
INFEASIBLE 30 36737 22875852
INFEASIBLE 30 35953 23248895
INFEASIBLE 27 33209 17342836
INFEASIBLE 29 34315 21332480
INFEASIBLE 27 28127 15414340
INFEASIBLE 28 26727 15364609
INFEASIBLE 27 34161 19808368
INFEASIBLE 30 33923 21173738
INFEASIBLE 28 27777 15938826
INFEASIBLE 28 27189 15605202
INFEASIBLE 26 26503 13061349
INFEASIBLE 29 27595 16231500
INFEASIBLE 28 21757 11805110
FEASIBLE 25 5 2880
INFEASIBLE 29 34623 23024314
INFEASIBLE 28 35505 23281356
INFEASIBLE 29 22919 13383623
INFEASIBLE 29 21603 11488026
INFEASIBLE 30 12069 7359071
INFEASIBLE 28 36009 23289166
FEASIBLE 24 586 278735
FEASIBLE 25 401 203283
INFEASIBLE 28 33391 21196467
INFEASIBLE 26 29653 16478714
INFEASIBLE 26 30591 16936761
INFEASIBLE 29 35379 22263442
INFEASIBLE 28 31179 18823446
INFEASIBLE 28 27749 15905225
INFEASIBLE 28 29555 16993311
INFEASIBLE 28 33797 19421414
INFEASIBLE 30 34399 23576421
INFEASIBLE 27 32117 20409988
INFEASIBLE 32 35911 27471024
INFEASIBLE 30 31249 21644524
INFEASIBLE 27 33867 21645553
FEASIBLE 27 5 5040
INFEASIBLE 29 32411 22274253
INFEASIBLE 27 28211 17442738
FEASIBLE 26 343 154702
INFEASIBLE 29 29135 20965116
INFEASIBLE 29 27665 20401248
INFEASIBLE 28 25159 17969944
INFEASIBLE 30 28995 20664371
INFEASIBLE 27 26699 17398277
INFEASIBLE 32 26293 19379913
INFEASIBLE 32 28295 24850629
INFEASIBLE 31 24669 18018794
INFEASIBLE 30 23465 16730508
INFEASIBLE 27 26993 15947146
INFEASIBLE 31 28099 20082323
INFEASIBLE 32 25873 18648794
INFEASIBLE 26 28127 16573036
INFEASIBLE 28 25229 16132919
INFEASIBLE 30 22961 16065458
INFEASIBLE 29 29303 20129994
INFEASIBLE 29 29639 20023441
INFEASIBLE 33 29401 23092783
INFEASIBLE 31 26727 20055452
INFEASIBLE 33 28015 21771447
INFEASIBLE 33 29303 22247173
INFEASIBLE 29 37507 29386739
INFEASIBLE 29 32887 25000579
INFEASIBLE 30 35575 27306612
INFEASIBLE 29 34623 25381614
INFEASIBLE 27 33237 21799376
INFEASIBLE 28 22905 16357703
INFEASIBLE 27 29093 18645313
INFEASIBLE 26 27931 16227121
INFEASIBLE 31 26349 19282602
INFEASIBLE 29 28183 19104860
INFEASIBLE 27 35253 24708176
INFEASIBLE 29 29681 21945918
INFEASIBLE 30 34707 26082195
INFEASIBLE 29 34889 25701809
INFEASIBLE 31 32887 27915289
INFEASIBLE 27 33671 29484681
INFEASIBLE 29 35029 29280318
INFEASIBLE 27 32705 23832404
INFEASIBLE 26 30255 20524628
INFEASIBLE 26 32243 20625960
INFEASIBLE 27 33279 24160658
INFEASIBLE 27 33545 23843204
INFEASIBLE 28 30633 21512222
INFEASIBLE 28 30927 21594944
INFEASIBLE 30 33223 24816647
INFEASIBLE 28 31417 20163904
INFEASIBLE 28 28239 17152513
INFEASIBLE 26 27175 15217817
INFEASIBLE 27 21337 12141384
INFEASIBLE 27 22583 13596184
INFEASIBLE 25 16731 9165705
INFEASIBLE 26 25733 14920172
INFEASIBLE 27 15331 8355613
INFEASIBLE 27 16129 9529949
INFEASIBLE 30 13385 8590536
INFEASIBLE 29 21211 12555551
INFEASIBLE 29 20371 11985753
INFEASIBLE 29 36443 24815267
INFEASIBLE 32 35029 26063734
INFEASIBLE 30 34035 24503893
FEASIBLE 28 35 25530
FEASIBLE 27 80 38921
INFEASIBLE 26 35309 20861263
INFEASIBLE 26 32005 19866690
FEASIBLE 29 5 3490
INFEASIBLE 28 34287 23939365
INFEASIBLE 34 35141 29752024
INFEASIBLE 29 31851 24954058
INFEASIBLE 32 34539 29094515
INFEASIBLE 31 34777 29024064
INFEASIBLE 29 31571 24470702
INFEASIBLE 29 32033 24342750
INFEASIBLE 29 32061 26878015
INFEASIBLE 31 35239 30988241
INFEASIBLE 32 33811 28909053
INFEASIBLE 32 31977 24989300
INFEASIBLE 33 33839 24885938
INFEASIBLE 31 29611 18518791
FEASIBLE 28 5 3540
summary rows=1000 feasible=134 infeasible=866 cap=0 p99_nanoseconds=30988241
