INFEASIBLE 35 39579 16390248
INFEASIBLE 34 39565 17547505
INFEASIBLE 34 39089 21097772
INFEASIBLE 35 39243 21037590
INFEASIBLE 35 39579 23269006
INFEASIBLE 35 39173 30535159
INFEASIBLE 35 39047 21370765
INFEASIBLE 33 36597 18621251
INFEASIBLE 32 34903 17737728
INFEASIBLE 32 33657 17102318
INFEASIBLE 33 30143 16744404
INFEASIBLE 32 31501 41441709
INFEASIBLE 32 27273 12739319
INFEASIBLE 32 26867 13427709
INFEASIBLE 31 23857 11751804
INFEASIBLE 31 25873 13563323
INFEASIBLE 32 24529 14552588
INFEASIBLE 31 18887 11689494
INFEASIBLE 34 22219 13815318
INFEASIBLE 35 37899 24741178
INFEASIBLE 35 36681 24527445
INFEASIBLE 34 39019 26185952
INFEASIBLE 34 39313 27183167
INFEASIBLE 34 39075 27295668
INFEASIBLE 34 39369 27270137
INFEASIBLE 33 39341 27147816
INFEASIBLE 33 39019 86994306
INFEASIBLE 32 38333 21255722
INFEASIBLE 32 39159 22676465
INFEASIBLE 32 38655 22554173
INFEASIBLE 33 39005 23129522
INFEASIBLE 32 39103 24255630
INFEASIBLE 32 39047 24986512
INFEASIBLE 32 38935 23917875
INFEASIBLE 32 38641 23008672
INFEASIBLE 32 37605 21737601
INFEASIBLE 31 33503 18319869
INFEASIBLE 31 30927 17173608
INFEASIBLE 31 23283 13722047
INFEASIBLE 32 20483 12188411
INFEASIBLE 32 20175 12446965
INFEASIBLE 33 16647 9966337
INFEASIBLE 35 37647 23587220
INFEASIBLE 34 38025 25783794
INFEASIBLE 33 34413 23197503
INFEASIBLE 33 38137 25909247
INFEASIBLE 34 38179 26225342
INFEASIBLE 34 38165 26277373
INFEASIBLE 33 37899 24705838
INFEASIBLE 33 37605 26944732
INFEASIBLE 33 38403 26919731
INFEASIBLE 33 38809 26932812
INFEASIBLE 32 37087 23995325
INFEASIBLE 33 32873 21082220
INFEASIBLE 34 28939 176502395
INFEASIBLE 35 20203 12279953
INFEASIBLE 34 17711 10570726
INFEASIBLE 33 17487 10416433
INFEASIBLE 32 12237 6760235
INFEASIBLE 33 38641 24483125
INFEASIBLE 34 37983 27605113
INFEASIBLE 34 36471 26011796
INFEASIBLE 34 30381 17501853
INFEASIBLE 34 21015 11007253
INFEASIBLE 33 7141 3461703
INFEASIBLE 32 4803 2216774
INFEASIBLE 32 4481 2084054
INFEASIBLE 33 5153 2411896
INFEASIBLE 33 6091 2893286
INFEASIBLE 32 6791 3662807
INFEASIBLE 31 6455 4233698
INFEASIBLE 31 4173 2493409
INFEASIBLE 32 6497 3749028
INFEASIBLE 33 17641 9683672
INFEASIBLE 33 7057 4198164
INFEASIBLE 32 4691 2873465
INFEASIBLE 32 4579 2894885
INFEASIBLE 32 2297 1172689
INFEASIBLE 34 4159 2082743
INFEASIBLE 35 23115 13900479
INFEASIBLE 36 12433 7920973
INFEASIBLE 36 10725 7157592
INFEASIBLE 35 11537 7304065
INFEASIBLE 34 39509 26456226
INFEASIBLE 34 39439 27314927
INFEASIBLE 33 39243 26707539
INFEASIBLE 35 39537 27996100
INFEASIBLE 34 39145 26960114
INFEASIBLE 33 38977 25843755
INFEASIBLE 34 36541 24142358
INFEASIBLE 31 34637 23564280
INFEASIBLE 31 34287 22650336
INFEASIBLE 31 29513 21794321
INFEASIBLE 33 31515 23086191
INFEASIBLE 31 27637 18468260
INFEASIBLE 31 27189 18839615
INFEASIBLE 31 23773 16218875
INFEASIBLE 30 25215 16530079
INFEASIBLE 30 24263 15208068
INFEASIBLE 32 19055 12067399
FEASIBLE 27 13620 8507044
FEASIBLE 27 2764 1717267
INFEASIBLE 30 33881 21633079
FEASIBLE 27 5 3620
INFEASIBLE 27 33027 18520902
INFEASIBLE 30 34567 21652848
INFEASIBLE 28 33517 20649943
INFEASIBLE 26 28911 16809012
INFEASIBLE 28 34231 20086135
FEASIBLE 26 2667 1363812
INFEASIBLE 28 34161 19469325
INFEASIBLE 27 33587 17115628
INFEASIBLE 30 34063 20553842
FEASIBLE 25 20 9690
FEASIBLE 26 3610 1771729
FEASIBLE 27 3117 1625325
INFEASIBLE 28 35827 20664613
INFEASIBLE 27 35911 19391254
INFEASIBLE 28 36093 21118631
INFEASIBLE 30 35295 23257433
FEASIBLE 27 12 7800
FEASIBLE 25 96 34601
INFEASIBLE 28 33839 19879171
INFEASIBLE 28 33153 19861501
INFEASIBLE 30 33895 21460326
INFEASIBLE 28 32355 18308927
INFEASIBLE 26 34693 18933446
INFEASIBLE 30 34217 21218752
INFEASIBLE 29 34595 21493577
INFEASIBLE 28 29443 15248138
INFEASIBLE 30 34161 21468587
INFEASIBLE 28 29135 17319701
FEASIBLE 29 4117 2297576
INFEASIBLE 27 33937 19836801
INFEASIBLE 29 31725 19833930
INFEASIBLE 29 32803 18654552
FEASIBLE 26 6 3370
INFEASIBLE 29 28561 15937210
INFEASIBLE 28 25453 13308018
INFEASIBLE 27 22723 15085866
FEASIBLE 26 65 35670
FEASIBLE 27 4 4840
INFEASIBLE 29 24179 16124723
FEASIBLE 28 5277 2719043
INFEASIBLE 28 20021 10337762
INFEASIBLE 31 30927 19045498
INFEASIBLE 28 24389 13025164
INFEASIBLE 30 34833 23685291
INFEASIBLE 27 30843 19463605
INFEASIBLE 29 31977 20138205
INFEASIBLE 29 31683 20569922
INFEASIBLE 29 31991 21348465
INFEASIBLE 29 34063 343095511
FEASIBLE 26 5 3310
FEASIBLE 28 190 106531
FEASIBLE 28 2645 1414902
FEASIBLE 30 233 134493
FEASIBLE 28 192 97311
INFEASIBLE 28 36387 19497695
FEASIBLE 28 218 101132
FEASIBLE 27 21 7600
FEASIBLE 27 5133 2447808
INFEASIBLE 28 32355 16697162
INFEASIBLE 31 36219 21390374
INFEASIBLE 28 33629 17676997
FEASIBLE 28 204 94251
INFEASIBLE 30 34721 19672578
INFEASIBLE 28 33853 18386208
INFEASIBLE 27 32369 16501108
INFEASIBLE 28 34091 17609555
FEASIBLE 25 5 4040
FEASIBLE 26 5 2260
FEASIBLE 26 1034 492528
FEASIBLE 27 4436 2051282
FEASIBLE 26 1815 738112
INFEASIBLE 29 31809 18989047
INFEASIBLE 28 28855 16289955
INFEASIBLE 26 31403 16642460
INFEASIBLE 28 35295 19328592
FEASIBLE 30 2596 1512113
FEASIBLE 27 4867 2308706
INFEASIBLE 26 32929 15497863
FEASIBLE 28 7050 3374383
INFEASIBLE 28 32187 17523034
FEASIBLE 25 2106 922594
INFEASIBLE 28 34231 18307437
FEASIBLE 26 1992 916404
INFEASIBLE 29 31277 18261926
INFEASIBLE 28 30997 20794565
INFEASIBLE 28 32551 20557192
INFEASIBLE 30 35169 22216737
INFEASIBLE 32 35785 22917789
INFEASIBLE 33 34889 21539527
INFEASIBLE 30 35239 22593813
INFEASIBLE 29 34399 21620398
INFEASIBLE 31 33839 25093402
INFEASIBLE 32 34469 23019500
INFEASIBLE 28 31501 17600136
INFEASIBLE 27 32355 17504243
FEASIBLE 29 5594 3261701
INFEASIBLE 25 33993 16586499
INFEASIBLE 27 31487 17402322
INFEASIBLE 28 30199 16999856
INFEASIBLE 32 34735 22761196
INFEASIBLE 27 28057 15489412
INFEASIBLE 28 27189 14911193
INFEASIBLE 29 32033 19060528
INFEASIBLE 27 33041 18421838
INFEASIBLE 28 31977 20306147
INFEASIBLE 28 33601 21054350
INFEASIBLE 28 33111 18859895
FEASIBLE 29 21 12730
INFEASIBLE 32 36149 22392620
INFEASIBLE 30 34413 19840060
INFEASIBLE 30 31459 18892835
INFEASIBLE 30 34301 22876968
INFEASIBLE 29 30185 17489884
INFEASIBLE 32 29877 19485414
INFEASIBLE 34 34063 22466581
INFEASIBLE 31 29037 18054902
INFEASIBLE 29 27889 19001288
INFEASIBLE 29 23801 18228385
INFEASIBLE 30 31291 20644833
INFEASIBLE 28 30185 17745927
INFEASIBLE 30 18957 12083109
INFEASIBLE 31 22331 15493283
INFEASIBLE 30 25075 17190428
FEASIBLE 28 20397 11709013
INFEASIBLE 28 22373 13089264
INFEASIBLE 29 25257 15383120
INFEASIBLE 30 24627 14693409
INFEASIBLE 30 27021 16132992
INFEASIBLE 30 27511 17796318
INFEASIBLE 32 28141 18949716
INFEASIBLE 32 24669 15350480
INFEASIBLE 31 24473 15186157
INFEASIBLE 32 27623 16994076
INFEASIBLE 32 22541 14340834
INFEASIBLE 32 24277 15758426
INFEASIBLE 32 24277 15879728
INFEASIBLE 33 29107 18870085
INFEASIBLE 32 28351 18881685
INFEASIBLE 31 37857 28089499
INFEASIBLE 28 36793 24967100
INFEASIBLE 28 33111 20776565
INFEASIBLE 31 34245 23082060
INFEASIBLE 31 35701 24143417
INFEASIBLE 29 38319 26204259
INFEASIBLE 31 38403 26681967
INFEASIBLE 30 38025 26808649
INFEASIBLE 29 34763 22721195
INFEASIBLE 28 34427 21132250
INFEASIBLE 28 30381 18645922
INFEASIBLE 29 27525 16841913
INFEASIBLE 30 29443 18907375
INFEASIBLE 33 34889 24663515
INFEASIBLE 31 30941 20892526
INFEASIBLE 30 38837 28107559
INFEASIBLE 28 36835 23458096
INFEASIBLE 32 35827 24757167
INFEASIBLE 27 35603 20695253
INFEASIBLE 29 33573 21249552
INFEASIBLE 29 30269 19208170
INFEASIBLE 31 31767 20356128
INFEASIBLE 31 33531 22229957
INFEASIBLE 29 37339 24048356
INFEASIBLE 30 38305 27244296
INFEASIBLE 31 37675 24671595
INFEASIBLE 31 34721 23151752
INFEASIBLE 29 37871 25977276
INFEASIBLE 30 38137 27276326
INFEASIBLE 29 37661 26340752
INFEASIBLE 28 31081 18495759
INFEASIBLE 28 29905 19294120
INFEASIBLE 29 32523 22227547
INFEASIBLE 27 26307 14840061
INFEASIBLE 32 34063 22534331
INFEASIBLE 30 32397 20622121
INFEASIBLE 29 19377 11565581
INFEASIBLE 29 19643 10573605
INFEASIBLE 31 22219 13513901
INFEASIBLE 33 32593 23062750
INFEASIBLE 32 21799 14294793
INFEASIBLE 30 38193 28440734
INFEASIBLE 30 36863 25287635
INFEASIBLE 30 34721 25566159
INFEASIBLE 29 33895 23933514
INFEASIBLE 29 37843 26970249
INFEASIBLE 27 31809 18857305
INFEASIBLE 28 33097 21976913
INFEASIBLE 26 25677 13359657
INFEASIBLE 31 35561 25286034
INFEASIBLE 28 32649 19942191
INFEASIBLE 27 22009 12887461
INFEASIBLE 29 20707 12367233
INFEASIBLE 31 23913 15018205
INFEASIBLE 31 21687 13745105
INFEASIBLE 32 36373 27649170
INFEASIBLE 28 34539 22907486
INFEASIBLE 31 33825 24238108
INFEASIBLE 30 36233 27603251
INFEASIBLE 30 33713 23971623
INFEASIBLE 29 34931 23933774
INFEASIBLE 31 35561 25805803
INFEASIBLE 33 36877 27700502
INFEASIBLE 31 36653 27198325
INFEASIBLE 30 36849 28207339
INFEASIBLE 32 36163 708719963
INFEASIBLE 30 34973 19744538
INFEASIBLE 29 35589 19950092
INFEASIBLE 31 34469 21182421
INFEASIBLE 28 32565 17673795
INFEASIBLE 29 33461 18991355
INFEASIBLE 29 33951 20123074
INFEASIBLE 30 33629 20725363
INFEASIBLE 30 36359 27237175
INFEASIBLE 30 35645 26945361
INFEASIBLE 32 35477 28459184
INFEASIBLE 30 34077 25602359
INFEASIBLE 31 28001 19044006
INFEASIBLE 33 35743 25565349
INFEASIBLE 32 34063 21662408
INFEASIBLE 30 30059 16449107
INFEASIBLE 31 25775 14932563
INFEASIBLE 31 33265 19512074
INFEASIBLE 29 19153 10187908
INFEASIBLE 28 17697 9340405
INFEASIBLE 29 17305 10062427
INFEASIBLE 31 28771 17525593
INFEASIBLE 30 22625 12700737
INFEASIBLE 29 14925 8034815
INFEASIBLE 29 12839 6792856
INFEASIBLE 33 35421 23542198
INFEASIBLE 31 19293 10631676
INFEASIBLE 32 19447 10796808
INFEASIBLE 32 38347 25514788
INFEASIBLE 30 36247 22162794
INFEASIBLE 28 35309 19603706
INFEASIBLE 28 32677 18645621
INFEASIBLE 32 37493 22966869
INFEASIBLE 33 38291 24027504
INFEASIBLE 30 37717 22653973
INFEASIBLE 32 37311 22806586
INFEASIBLE 30 36485 21532856
INFEASIBLE 29 36807 20831834
INFEASIBLE 28 36765 19829439
INFEASIBLE 31 37059 21923662
INFEASIBLE 29 34735 18161553
INFEASIBLE 29 32047 17523563
INFEASIBLE 29 32621 19654795
INFEASIBLE 30 33055 19995671
INFEASIBLE 29 29471 16449316
INFEASIBLE 32 25369 15457791
INFEASIBLE 30 34679 21527425
INFEASIBLE 29 35295 24685835
INFEASIBLE 30 36975 25289204
INFEASIBLE 32 37311 25467916
INFEASIBLE 30 37423 24308698
INFEASIBLE 31 37941 25921704
INFEASIBLE 31 33055 19854949
INFEASIBLE 30 36051 22499151
INFEASIBLE 30 35953 22479260
INFEASIBLE 31 36863 23828271
INFEASIBLE 33 33671 24403220
INFEASIBLE 31 30129 20990557
INFEASIBLE 29 28197 17300350
INFEASIBLE 30 24907 14545746
INFEASIBLE 31 23703 15119576
INFEASIBLE 31 36485 24345619
INFEASIBLE 32 36555 25473957
INFEASIBLE 32 32859 23012198
INFEASIBLE 32 28995 20852605
INFEASIBLE 31 15205 8724326
INFEASIBLE 30 15583 8189548
INFEASIBLE 29 15289 7307884
INFEASIBLE 30 18649 11385947
INFEASIBLE 29 26741 18774152
INFEASIBLE 30 13357 7906343
INFEASIBLE 29 13763 8957119
INFEASIBLE 29 13371 9077352
INFEASIBLE 30 31249 22094754
INFEASIBLE 30 24263 17191267
INFEASIBLE 31 12671 8799997
INFEASIBLE 30 9647 5664558
INFEASIBLE 30 10361 5739479
INFEASIBLE 33 11537 6251958
INFEASIBLE 33 37101 26071216
INFEASIBLE 33 15471 10175018
INFEASIBLE 32 14519 8822378
INFEASIBLE 28 31557 24208997
INFEASIBLE 29 36289 28450693
INFEASIBLE 30 35589 28995692
INFEASIBLE 31 38249 29046692
INFEASIBLE 32 38585 26746327
INFEASIBLE 30 32033 20805233
INFEASIBLE 32 32635 25302694
INFEASIBLE 31 29611 21535265
INFEASIBLE 31 28435 19378172
INFEASIBLE 31 28099 21848580
INFEASIBLE 33 34399 24031613
FEASIBLE 23 5 4690
FEASIBLE 22 20 10040
FEASIBLE 24 20 10040
INFEASIBLE 25 35631 18334685
FEASIBLE 24 3919 1819239
INFEASIBLE 28 37269 25699129
INFEASIBLE 27 35603 23291783
FEASIBLE 24 7 5880
FEASIBLE 23 2568 1165188
FEASIBLE 22 2727 1194839
FEASIBLE 24 444 217943
FEASIBLE 24 992 538089
INFEASIBLE 25 35953 19586874
INFEASIBLE 27 36597 22663803
INFEASIBLE 29 30017 19076187
FEASIBLE 26 5 4140
FEASIBLE 22 189 72021
FEASIBLE 23 5 7470
FEASIBLE 25 5411 2917005
INFEASIBLE 25 36681 19143318
FEASIBLE 24 5 4690
FEASIBLE 25 5357 2595641
FEASIBLE 25 7263 3035497
FEASIBLE 25 16219 7641129
INFEASIBLE 28 34679 18635150
INFEASIBLE 28 30521 16412325
INFEASIBLE 26 32355 16409155
INFEASIBLE 26 31669 15862967
INFEASIBLE 26 28883 13820495
INFEASIBLE 27 31235 17612454
INFEASIBLE 27 31361 17118866
INFEASIBLE 27 28379 13354647
INFEASIBLE 29 29541 16174432
INFEASIBLE 31 23759 13959407
INFEASIBLE 25 32033 15881087
FEASIBLE 24 9 7010
FEASIBLE 23 1136 440497
FEASIBLE 25 6 4730
FEASIBLE 24 7783 3378233
INFEASIBLE 25 26237 13250046
INFEASIBLE 27 29947 16694230
FEASIBLE 28 5 4750
FEASIBLE 26 38 25580
FEASIBLE 23 21 13481
FEASIBLE 23 6 3480
FEASIBLE 24 9754 4679153
FEASIBLE 24 8360 3993032
FEASIBLE 24 188 80541
INFEASIBLE 30 33615 21865410
INFEASIBLE 27 28561 15788146
INFEASIBLE 28 18915 11289065
FEASIBLE 23 6 3911
FEASIBLE 25 6 2880
FEASIBLE 24 1910 850823
FEASIBLE 21 393 182613
FEASIBLE 24 1799 702301
INFEASIBLE 26 33573 17439161
FEASIBLE 25 5359 2438628
FEASIBLE 24 5 2980
FEASIBLE 23 1771 650480
FEASIBLE 23 541 230764
FEASIBLE 24 5 2930
INFEASIBLE 27 32747 16984824
INFEASIBLE 28 28617 15541752
FEASIBLE 27 358 235774
INFEASIBLE 27 17221 8786286
FEASIBLE 27 679 336675
FEASIBLE 21 160 59790
FEASIBLE 23 9 4761
INFEASIBLE 26 28225 13055513
FEASIBLE 22 5 4560
FEASIBLE 22 20 8640
INFEASIBLE 24 25271 10991371
FEASIBLE 23 21 11770
INFEASIBLE 26 18887 10095827
FEASIBLE 24 4491 2064042
INFEASIBLE 25 31585 16370445
INFEASIBLE 25 29275 13760864
INFEASIBLE 26 24543 12136789
INFEASIBLE 27 24655 12279801
INFEASIBLE 28 21463 11008841
FEASIBLE 24 2359 934845
FEASIBLE 25 2471 1276850
INFEASIBLE 28 28113 15277297
INFEASIBLE 25 28715 14038799
INFEASIBLE 27 33769 18585109
INFEASIBLE 28 26083 14121090
INFEASIBLE 29 23829 12709907
FEASIBLE 24 9 6900
FEASIBLE 22 2293 1144557
FEASIBLE 24 150 66692
FEASIBLE 24 16674 7727500
INFEASIBLE 26 19853 10610835
FEASIBLE 23 4 3510
FEASIBLE 24 5 3540
FEASIBLE 22 118 54471
FEASIBLE 23 160 66841
FEASIBLE 20 35 26160
FEASIBLE 22 194 75802
INFEASIBLE 25 17515 8860777
INFEASIBLE 28 34609 23595927
INFEASIBLE 28 32859 23328702
INFEASIBLE 28 31879 21403472
FEASIBLE 28 2610 1695846
FEASIBLE 26 20 17850
INFEASIBLE 25 34063 21132569
FEASIBLE 27 5 4460
INFEASIBLE 28 34637 23238152
INFEASIBLE 31 34735 25565157
INFEASIBLE 31 34497 26064685
INFEASIBLE 28 35897 28877639
INFEASIBLE 27 33167 24929667
INFEASIBLE 27 33671 24426360
INFEASIBLE 31 33013 24048584
INFEASIBLE 29 33811 23923072
INFEASIBLE 28 31991 19484302
INFEASIBLE 30 33461 22411358
INFEASIBLE 27 31459 19550414
INFEASIBLE 27 33167 20774742
FEASIBLE 26 5 4590
FEASIBLE 27 4613 2608330
FEASIBLE 26 19 8450
INFEASIBLE 26 25495 12983072
INFEASIBLE 27 27147 15671574
INFEASIBLE 29 29527 19714736
FEASIBLE 27 2443 1247849
INFEASIBLE 27 23437 12580645
INFEASIBLE 29 21981 12664337
INFEASIBLE 30 26573 16667469
INFEASIBLE 29 22653 12881380
INFEASIBLE 29 26531 14881671
INFEASIBLE 31 31067 22223996
INFEASIBLE 27 31445 19483543
INFEASIBLE 27 29093 17202297
INFEASIBLE 26 28155 15646703
INFEASIBLE 28 27973 17235598
INFEASIBLE 30 22373 15389779
INFEASIBLE 27 23353 13876736
INFEASIBLE 28 24781 15886697
INFEASIBLE 31 28729 20063822
INFEASIBLE 30 24543 17229168
INFEASIBLE 30 34931 26757675
FEASIBLE 28 5 3740
INFEASIBLE 28 34175 23051048
FEASIBLE 27 5 4390
INFEASIBLE 29 34119 25090590
INFEASIBLE 28 31305 21957731
INFEASIBLE 28 33293 22417919
INFEASIBLE 30 31907 23956772
INFEASIBLE 32 38487 31337357
INFEASIBLE 27 29317 19457813
INFEASIBLE 28 30269 20200264
INFEASIBLE 27 30493 19683876
INFEASIBLE 27 25369 15792905
INFEASIBLE 27 28015 18136932
INFEASIBLE 27 25411 16681450
INFEASIBLE 29 30437 21632986
INFEASIBLE 29 22205 15492561
INFEASIBLE 27 35491 25186881
INFEASIBLE 28 35659 25350874
INFEASIBLE 28 34287 23924292
INFEASIBLE 28 36877 22794974
FEASIBLE 26 343 171214
INFEASIBLE 29 34609 22898126
FEASIBLE 29 7 10830
INFEASIBLE 29 29821 20293206
INFEASIBLE 27 28785 17388772
INFEASIBLE 31 32747 22922096
INFEASIBLE 31 33195 23900411
INFEASIBLE 30 31207 22688502
INFEASIBLE 27 31459 18813341
INFEASIBLE 29 35743 25052349
INFEASIBLE 29 33937 22701663
INFEASIBLE 27 31445 20783912
INFEASIBLE 28 34441 22316356
INFEASIBLE 27 33601 19604364
INFEASIBLE 28 33055 20177974
FEASIBLE 27 6 7421
INFEASIBLE 27 25103 14179740
INFEASIBLE 27 22723 13702203
INFEASIBLE 30 33755 23760429
INFEASIBLE 29 19335 11732982
INFEASIBLE 28 21001 12786989
INFEASIBLE 28 19419 11320725
INFEASIBLE 30 16983 11379816
INFEASIBLE 30 23591 15279918
INFEASIBLE 30 24697 16443815
INFEASIBLE 29 35491 25343993
INFEASIBLE 29 33811 24619453
INFEASIBLE 28 33125 23516915
INFEASIBLE 30 33013 24645193
INFEASIBLE 30 32425 24810566
INFEASIBLE 28 31193 25360624
INFEASIBLE 29 34091 29671521
FEASIBLE 27 11 7390
FEASIBLE 27 6 7960
INFEASIBLE 26 26139 17219587
FEASIBLE 26 3 2620
INFEASIBLE 28 29513 19493302
INFEASIBLE 29 27833 18928174
INFEASIBLE 28 35379 24252426
FEASIBLE 28 110 53092
INFEASIBLE 28 29359 22476637
INFEASIBLE 27 36219 27643019
INFEASIBLE 27 32439 23244100
INFEASIBLE 27 32271 29074700
FEASIBLE 26 5137 3665087
INFEASIBLE 28 27945 21147197
INFEASIBLE 31 36149 29301255
INFEASIBLE 30 33699 26319529
INFEASIBLE 29 31963 23135079
INFEASIBLE 30 27273 20108142
INFEASIBLE 29 23759 18021200
INFEASIBLE 30 34665 32066089
INFEASIBLE 28 34861 29116833
FEASIBLE 26 2836 1767108
INFEASIBLE 30 37143 32184649
INFEASIBLE 29 30353 27176112
INFEASIBLE 29 32803 29411758
INFEASIBLE 31 36695 32567716
INFEASIBLE 29 30059 23999362
INFEASIBLE 28 27413 21007577
INFEASIBLE 29 27049 21863160
INFEASIBLE 32 25117 21433372
INFEASIBLE 31 25621 21955420
INFEASIBLE 31 24333 19516724
INFEASIBLE 27 22793 16156340
INFEASIBLE 26 22751 14965691
INFEASIBLE 30 26867 20672391
INFEASIBLE 29 21421 15513491
INFEASIBLE 29 22079 16048918
FEASIBLE 28 35 16400
INFEASIBLE 28 25999 18923103
INFEASIBLE 31 22933 18041850
INFEASIBLE 31 24865 20414587
INFEASIBLE 31 28715 19910268
INFEASIBLE 32 24753 17950158
INFEASIBLE 29 26279 18513988
INFEASIBLE 30 25649 18763072
INFEASIBLE 30 23143 17922247
INFEASIBLE 30 20259 14756029
INFEASIBLE 31 26951 21092277
INFEASIBLE 32 30619 22278005
INFEASIBLE 34 25705 20067093
INFEASIBLE 33 26951 22519659
INFEASIBLE 33 27637 22932675
INFEASIBLE 33 28659 22950635
INFEASIBLE 33 20231 15645542
INFEASIBLE 33 24165 19276119
INFEASIBLE 30 35869 31482867
INFEASIBLE 28 32033 22159513
INFEASIBLE 31 34931 26820366
INFEASIBLE 28 31375 25486684
INFEASIBLE 30 31501 24062754
INFEASIBLE 28 34273 26017664
FEASIBLE 28 5 4059
INFEASIBLE 26 23381 13629901
FEASIBLE 25 230 177302
FEASIBLE 25 17 12280
INFEASIBLE 30 35309 27891553
INFEASIBLE 27 24865 18904253
FEASIBLE 27 2710 1810748
INFEASIBLE 33 33559 30123397
INFEASIBLE 31 31963 23782609
INFEASIBLE 29 25537 17580804
INFEASIBLE 30 22541 16605757
INFEASIBLE 29 37255 25963223
INFEASIBLE 29 33699 25549575
FEASIBLE 27 6 8381
INFEASIBLE 27 31949 23660767
INFEASIBLE 30 34259 26582452
INFEASIBLE 27 31963 22851314
INFEASIBLE 27 33405 24772863
INFEASIBLE 28 29107 23466874
INFEASIBLE 26 21799 14653887
INFEASIBLE 26 20567 13477629
FEASIBLE 25 2990 1730237
INFEASIBLE 27 20553 14506935
INFEASIBLE 28 21883 15883477
INFEASIBLE 29 21645 16582107
INFEASIBLE 30 18509 14839239
INFEASIBLE 30 34791 26403779
INFEASIBLE 29 36933 30565074
INFEASIBLE 29 31627 24310096
INFEASIBLE 26 30423 19761256
FEASIBLE 26 3 3430
INFEASIBLE 29 35141 27519266
INFEASIBLE 28 25523 18271083
INFEASIBLE 28 27833 18097100
INFEASIBLE 31 30185 23014377
INFEASIBLE 30 25999 20724281
INFEASIBLE 30 35729 28705765
INFEASIBLE 32 35981 30993780
INFEASIBLE 29 33167 27953813
INFEASIBLE 30 35813 29430706
INFEASIBLE 29 28729 19657834
INFEASIBLE 28 22317 14649007
INFEASIBLE 28 24781 16125360
INFEASIBLE 28 26069 16276732
INFEASIBLE 30 24837 17486211
INFEASIBLE 29 35673 27450915
INFEASIBLE 30 36247 27739089
INFEASIBLE 30 30633 23839269
INFEASIBLE 29 31557 24288136
INFEASIBLE 30 28155 24370257
INFEASIBLE 33 30241 1515023079
INFEASIBLE 32 28407 18984683
INFEASIBLE 31 36919 24205724
INFEASIBLE 30 34651 25620746
INFEASIBLE 27 31599 22002190
INFEASIBLE 30 33867 24328295
INFEASIBLE 26 33181 18920002
INFEASIBLE 29 34399 21266049
INFEASIBLE 29 29709 19467721
INFEASIBLE 31 30661 21291959
INFEASIBLE 29 34427 25698307
INFEASIBLE 30 32369 22041501
INFEASIBLE 32 34945 22920514
INFEASIBLE 28 31011 18286183
INFEASIBLE 31 35771 23597935
INFEASIBLE 26 31515 18285322
INFEASIBLE 28 33573 19491581
INFEASIBLE 26 30017 15648732
INFEASIBLE 27 27511 17099004
INFEASIBLE 25 25159 14184249
INFEASIBLE 27 29317 20390705
INFEASIBLE 28 26447 15778243
INFEASIBLE 25 14141 7500506
INFEASIBLE 27 23199 12070607
INFEASIBLE 29 19559 13329536
INFEASIBLE 27 28337 18563677
INFEASIBLE 29 35673 25123408
INFEASIBLE 27 32677 21884479
INFEASIBLE 28 26251 18999403
INFEASIBLE 28 24655 19864437
INFEASIBLE 31 25117 20449145
INFEASIBLE 28 25761 16407123
INFEASIBLE 31 28015 20259194
INFEASIBLE 31 20931 13738103
INFEASIBLE 28 33643 23343572
INFEASIBLE 26 32523 19894387
INFEASIBLE 30 25383 15223176
INFEASIBLE 27 22779 14337961
INFEASIBLE 28 22961 14087638
INFEASIBLE 31 28225 19142506
INFEASIBLE 30 26895 18437935
INFEASIBLE 31 27595 17640393
INFEASIBLE 28 24417 14396361
INFEASIBLE 26 23017 11591850
INFEASIBLE 30 26461 16665687
INFEASIBLE 29 23745 15890335
INFEASIBLE 27 24081 15512351
INFEASIBLE 26 23759 15209023
INFEASIBLE 29 26573 18115540
INFEASIBLE 29 21757 14522604
INFEASIBLE 27 16535 9340305
INFEASIBLE 29 15093 10316498
INFEASIBLE 31 20301 14013907
INFEASIBLE 30 14323 9846552
INFEASIBLE 28 15821 10283098
INFEASIBLE 27 20497 12164206
INFEASIBLE 30 15947 10779018
INFEASIBLE 28 19223 13115252
INFEASIBLE 28 22051 13576840
INFEASIBLE 30 18831 12069786
INFEASIBLE 31 29905 20512917
INFEASIBLE 32 19993 13296136
INFEASIBLE 30 24501 15517029
INFEASIBLE 31 22555 14216359
INFEASIBLE 31 23535 15000520
INFEASIBLE 32 21589 15052372
INFEASIBLE 33 15877 11087880
INFEASIBLE 29 34847 22930654
INFEASIBLE 30 35827 25940641
INFEASIBLE 32 38221 29437264
INFEASIBLE 29 34161 23449842
INFEASIBLE 30 35463 25792509
INFEASIBLE 28 28771 18404013
INFEASIBLE 28 35729 24482328
INFEASIBLE 30 33153 23159997
INFEASIBLE 29 30297 20182771
INFEASIBLE 28 32761 21907159
INFEASIBLE 30 29737 22366905
INFEASIBLE 30 29905 20537117
INFEASIBLE 32 32537 23668846
INFEASIBLE 30 27175 18094128
INFEASIBLE 26 26559 17204057
INFEASIBLE 27 27847 21662494
INFEASIBLE 29 23759 16555005
INFEASIBLE 30 24263 18102769
INFEASIBLE 28 16115 11618539
INFEASIBLE 32 24123 17485891
INFEASIBLE 28 20805 13124993
INFEASIBLE 31 28855 20794241
INFEASIBLE 31 24697 17330889
INFEASIBLE 30 27161 18654128
INFEASIBLE 30 23759 17517641
INFEASIBLE 31 23983 18692430
INFEASIBLE 32 17515 16031847
INFEASIBLE 29 33251 25115808
FEASIBLE 27 598 348126
INFEASIBLE 30 38263 29477375
INFEASIBLE 27 36107 25398453
INFEASIBLE 28 36177 27527896
INFEASIBLE 31 38291 31605149
FEASIBLE 27 22 18351
INFEASIBLE 28 33755 29322102
INFEASIBLE 30 33811 25066096
INFEASIBLE 26 31669 22265254
INFEASIBLE 29 35309 22497037
INFEASIBLE 27 22457 13488839
INFEASIBLE 29 31739 19853656
INFEASIBLE 28 35729 26290046
INFEASIBLE 30 25453 22180582
INFEASIBLE 28 37045 26984986
INFEASIBLE 28 27413 17659302
INFEASIBLE 32 38053 27804908
INFEASIBLE 31 29681 21526702
INFEASIBLE 27 29457 17587511
INFEASIBLE 30 30955 19603042
INFEASIBLE 30 27133 17859846
INFEASIBLE 32 31263 21160146
INFEASIBLE 27 16941 10685845
INFEASIBLE 28 19181 11477006
INFEASIBLE 28 35239 20530147
INFEASIBLE 29 23577 14341731
INFEASIBLE 29 23843 15291356
INFEASIBLE 32 25019 18135200
INFEASIBLE 30 37647 29840729
INFEASIBLE 32 27973 20065769
INFEASIBLE 32 29499 20432455
INFEASIBLE 26 31991 19274257
INFEASIBLE 26 33545 21302820
FEASIBLE 24 176 81730
INFEASIBLE 32 38403 30195266
INFEASIBLE 29 36793 27188379
INFEASIBLE 30 36107 28357958
INFEASIBLE 30 36163 26737012
INFEASIBLE 29 32369 21516631
INFEASIBLE 28 30535 18045758
INFEASIBLE 28 33965 21701584
INFEASIBLE 31 36345 27053437
INFEASIBLE 29 34847 26829085
INFEASIBLE 30 35771 26360317
INFEASIBLE 27 28337 17482529
INFEASIBLE 27 31599 18787380
INFEASIBLE 27 37647 24155634
INFEASIBLE 30 35967 25656457
INFEASIBLE 28 30983 17765773
INFEASIBLE 27 28827 16839380
INFEASIBLE 28 28967 16646716
INFEASIBLE 26 24193 12553794
INFEASIBLE 28 29275 18970373
INFEASIBLE 28 24865 14881869
INFEASIBLE 25 29625 15796333
INFEASIBLE 30 18817 11811203
INFEASIBLE 29 25341 14009776
INFEASIBLE 29 25999 14505502
INFEASIBLE 31 26475 14798408
FEASIBLE 24 5 3500
INFEASIBLE 26 34847 20736470
INFEASIBLE 30 36261 23975009
INFEASIBLE 29 37787 24916644
INFEASIBLE 28 37605 24887944
INFEASIBLE 28 36541 23299309
INFEASIBLE 28 34399 23642964
INFEASIBLE 27 29765 17189765
INFEASIBLE 27 29989 19627322
INFEASIBLE 28 29555 17802725
INFEASIBLE 27 29359 17948566
INFEASIBLE 27 26069 15671932
INFEASIBLE 29 22821 15985386
INFEASIBLE 29 24711 16314251
INFEASIBLE 27 25159 15606490
INFEASIBLE 30 17515 13062482
INFEASIBLE 29 18719 11215453
INFEASIBLE 29 25887 18666277
INFEASIBLE 31 26671 16999822
FEASIBLE 28 36 27651
INFEASIBLE 29 34035 22351424
INFEASIBLE 27 31389 17847595
INFEASIBLE 30 36737 24412746
INFEASIBLE 30 35953 26021031
INFEASIBLE 27 33209 18721078
INFEASIBLE 29 34315 22372415
INFEASIBLE 27 28127 15958626
INFEASIBLE 28 26727 15746513
INFEASIBLE 27 34161 21373609
INFEASIBLE 30 33923 21425490
INFEASIBLE 28 27777 16143469
INFEASIBLE 28 27189 14437222
INFEASIBLE 26 26503 12904438
INFEASIBLE 29 27595 17365948
INFEASIBLE 28 21757 11746561
FEASIBLE 25 5 2870
INFEASIBLE 29 34623 23922429
INFEASIBLE 28 35505 24197142
INFEASIBLE 29 22919 12777586
INFEASIBLE 29 21603 11880713
INFEASIBLE 30 12069 7860802
INFEASIBLE 28 36009 23465001
FEASIBLE 24 586 287545
FEASIBLE 25 401 206533
INFEASIBLE 28 33391 20551006
INFEASIBLE 26 29653 16398752
INFEASIBLE 26 30591 16706738
INFEASIBLE 29 35379 23318879
INFEASIBLE 28 31179 18880231
INFEASIBLE 28 27749 20269072
INFEASIBLE 28 29555 20217132
INFEASIBLE 28 33797 21011603
INFEASIBLE 30 34399 24326544
INFEASIBLE 27 32117 21477831
INFEASIBLE 32 35911 29470994
INFEASIBLE 30 31249 23121396
INFEASIBLE 27 33867 21819996
FEASIBLE 27 5 5170
INFEASIBLE 29 32411 21993778
INFEASIBLE 27 28211 17793554
FEASIBLE 26 343 151923
INFEASIBLE 29 29135 20047488
INFEASIBLE 29 27665 20780750
INFEASIBLE 28 25159 17065683
INFEASIBLE 30 28995 20449385
INFEASIBLE 27 26699 19658182
INFEASIBLE 32 26293 19931937
INFEASIBLE 32 28295 20809050
INFEASIBLE 31 24669 17173354
INFEASIBLE 30 23465 18125619
INFEASIBLE 27 26993 16749588
INFEASIBLE 31 28099 21380009
INFEASIBLE 32 25873 20310002
INFEASIBLE 26 28127 17957506
INFEASIBLE 28 25229 16164049
INFEASIBLE 30 22961 15691641
INFEASIBLE 29 29303 19979608
INFEASIBLE 29 29639 20109779
INFEASIBLE 33 29401 22745380
INFEASIBLE 31 26727 19886506
INFEASIBLE 33 28015 21743184
INFEASIBLE 33 29303 22051180
INFEASIBLE 29 37507 28502398
INFEASIBLE 29 32887 24786331
INFEASIBLE 30 35575 29718657
INFEASIBLE 29 34623 25126916
INFEASIBLE 27 33237 23886758
INFEASIBLE 28 22905 16514824
INFEASIBLE 27 29093 19105844
INFEASIBLE 26 27931 16091758
INFEASIBLE 31 26349 18186950
INFEASIBLE 29 28183 17986127
INFEASIBLE 27 35253 23195457
INFEASIBLE 29 29681 19685693
INFEASIBLE 30 34707 23183477
INFEASIBLE 29 34889 23237107
INFEASIBLE 31 32887 23305299
INFEASIBLE 27 33671 22209092
INFEASIBLE 29 35029 23036514
INFEASIBLE 27 32705 20121400
INFEASIBLE 26 30255 17017322
INFEASIBLE 26 32243 17551670
INFEASIBLE 27 33279 20967603
INFEASIBLE 27 33545 20728709
INFEASIBLE 28 30633 19944766
INFEASIBLE 28 30927 19127614
INFEASIBLE 30 33223 21650632
INFEASIBLE 28 31417 17261346
INFEASIBLE 28 28239 14655005
INFEASIBLE 26 27175 14201858
INFEASIBLE 27 21337 11604038
INFEASIBLE 27 22583 13275544
INFEASIBLE 25 16731 10620883
INFEASIBLE 26 25733 17345237
INFEASIBLE 27 15331 10473851
INFEASIBLE 27 16129 10878917
INFEASIBLE 30 13385 9249353
INFEASIBLE 29 21211 14082456
INFEASIBLE 29 20371 14573744
INFEASIBLE 29 36443 28189884
INFEASIBLE 32 35029 29364211
INFEASIBLE 30 34035 26041920
FEASIBLE 28 35 28940
FEASIBLE 27 80 41311
INFEASIBLE 26 35309 22213601
INFEASIBLE 26 32005 19431269
FEASIBLE 29 5 4020
INFEASIBLE 28 34287 23817406
INFEASIBLE 34 35141 27953720
INFEASIBLE 29 31851 22907442
INFEASIBLE 32 34539 30868695
INFEASIBLE 31 34777 28562589
INFEASIBLE 29 31571 25699775
INFEASIBLE 29 32033 26057610
INFEASIBLE 29 32061 24090541
INFEASIBLE 31 35239 28083201
INFEASIBLE 32 33811 26891744
INFEASIBLE 32 31977 27887659
INFEASIBLE 33 33839 27867008
INFEASIBLE 31 29611 22620638
FEASIBLE 28 5 5110
summary rows=1000 feasible=134 infeasible=866 cap=0 p99_nanoseconds=31482867
