0 CAP 1000001 2556097
1 CAP 1000001 2557944
2 CAP 1000001 2028551
3 CAP 1000001 1891298
4 CAP 1000001 2050686
5 CAP 1000001 2575670
6 CAP 1000001 2533567
7 CAP 1000001 2117868
8 CAP 1000001 2610068
9 CAP 1000001 2643772
10 CAP 1000001 2428881
11 CAP 1000001 2716138
12 CAP 1000001 2377577
13 CAP 1000001 2635824
14 CAP 1000001 2722214
15 CAP 1000001 2800598
16 CAP 1000001 2524814
17 CAP 1000001 2802456
18 CAP 1000001 2631275
19 CAP 1000001 2487148
20 CAP 1000001 1696209
21 CAP 1000001 2047462
22 CAP 1000001 1945578
23 CAP 1000001 2195956
24 CAP 1000001 2229209
25 CAP 1000001 2532458
26 CAP 1000001 2146169
27 CAP 1000001 1527418
28 CAP 1000001 2437569
29 CAP 1000001 2527828
30 CAP 1000001 2777566
31 CAP 1000001 2535500
32 CAP 1000001 2576327
33 CAP 1000001 2576115
34 CAP 1000001 2610044
35 CAP 1000001 2976048
36 CAP 1000001 2139043
37 CAP 1000001 2283000
38 CAP 1000001 1970060
39 CAP 1000001 2191517
40 CAP 1000001 1819041
41 CAP 1000001 1861455
42 CAP 1000001 2601875
43 CAP 1000001 1800331
44 CAP 1000001 1885170
45 CAP 1000001 2053143
46 CAP 1000001 2010061
47 CAP 1000001 2290474
48 CAP 1000001 1997197
49 CAP 1000001 2134131
50 CAP 1000001 1969579
51 CAP 1000001 2376500
52 CAP 1000001 1713372
53 CAP 1000001 1937905
54 CAP 1000001 2686295
55 CAP 1000001 1965121
56 CAP 1000001 2087426
57 CAP 1000001 2712261
58 CAP 1000001 1708362
59 CAP 1000001 2075582
60 CAP 1000001 2140993
61 CAP 1000001 2185799
62 CAP 1000001 2097880
63 CAP 1000001 1551899
64 CAP 1000001 2310130
65 CAP 1000001 2085940
66 CAP 1000001 1981916
67 CAP 1000001 1892831
68 CAP 1000001 2037955
69 CAP 1000001 1792293
70 CAP 1000001 2012652
71 CAP 1000001 1798168
72 CAP 1000001 1699560
73 CAP 1000001 2533597
74 CAP 1000001 2195083
75 CAP 1000001 2324397
76 CAP 1000001 2201880
77 CAP 1000001 2389427
78 CAP 1000001 1952999
79 CAP 1000001 1932869
80 CAP 1000001 2226613
81 CAP 1000001 1788157
82 CAP 1000001 1690477
83 CAP 1000001 1880525
84 CAP 1000001 2129729
85 CAP 1000001 2092519
86 CAP 1000001 2072613
87 CAP 1000001 2153446
88 CAP 1000001 2253000
89 CAP 1000001 2258844
90 CAP 1000001 2038173
91 CAP 1000001 2730473
92 CAP 1000001 2224415
93 CAP 1000001 2127687
94 CAP 1000001 2162888
95 CAP 1000001 2249770
96 CAP 1000001 2195373
97 CAP 1000001 2407169
98 CAP 1000001 2693882
99 CAP 1000001 2005134
