1 2 3 NO_CERTIFICATE 1 1048576 1048576 0 0 0 0 0 0 0 0 131072 0 0 0 131072 0 0 0 131072 0 0 0 131072 0 0 0 131072 0 0 0 131072 0 0 0 131072 0 0 0 131072 0 0 0 0 0 0 0
1 2 8 NO_CERTIFICATE 1 1048576 1048576 0 0 0 0 0 0 0 0 131072 0 0 0 131072 0 0 0 131072 0 0 0 131072 0 0 0 131072 0 0 0 131072 0 0 0 131072 0 0 0 131072 0 0 0 0 0 0 0
1 3 2 NO_CERTIFICATE 1 1048576 1048576 0 0 0 0 0 0 0 0 131072 0 0 0 131072 0 0 0 131072 0 0 0 131072 0 0 0 131072 0 0 0 131072 0 0 0 131072 0 0 0 131072 0 0 0 0 0 0 0
1 3 4 NO_CERTIFICATE 1 1048576 1048576 0 0 0 0 131072 0 0 0 131072 0 0 0 0 0 0 0 131072 0 0 0 131072 0 0 0 131072 0 0 0 131072 0 0 0 0 0 0 0 131072 0 0 0 131072 0 0 0
1 3 7 NO_CERTIFICATE 1 1048576 1048576 0 0 0 0 131072 0 0 0 131072 0 0 0 0 0 0 0 131072 0 0 0 131072 0 0 0 131072 0 0 0 131072 0 0 0 0 0 0 0 131072 0 0 0 131072 0 0 0
1 3 9 NO_CERTIFICATE 1 1048576 1048576 0 0 0 0 0 0 0 0 131072 0 0 0 131072 0 0 0 131072 0 0 0 131072 0 0 0 131072 0 0 0 131072 0 0 0 131072 0 0 0 131072 0 0 0 0 0 0 0
1 4 3 NO_CERTIFICATE 1 1048576 1048576 0 0 0 0 131072 0 0 0 131072 0 0 0 0 0 0 0 131072 0 0 0 131072 0 0 0 131072 0 0 0 131072 0 0 0 0 0 0 0 131072 0 0 0 131072 0 0 0
1 4 5 NO_CERTIFICATE 1 1048576 1048576 0 0 0 0 131072 0 0 0 0 0 0 0 131072 0 0 0 131072 0 0 0 131072 0 0 0 131072 0 0 0 131072 0 0 0 131072 0 0 0 0 0 0 0 131072 0 0 0
1 4 6 NO_CERTIFICATE 1 1048576 1048576 0 0 0 0 131072 0 0 0 0 0 0 0 131072 0 0 0 131072 0 0 0 131072 0 0 0 131072 0 0 0 131072 0 0 0 131072 0 0 0 0 0 0 0 131072 0 0 0
1 4 8 NO_CERTIFICATE 1 1048576 1048576 0 0 0 0 131072 0 0 0 131072 0 0 0 0 0 0 0 131072 0 0 0 131072 0 0 0 131072 0 0 0 131072 0 0 0 0 0 0 0 131072 0 0 0 131072 0 0 0
1 5 4 NO_CERTIFICATE 1 1048576 1048576 0 0 0 0 131072 0 0 0 0 0 0 0 131072 0 0 0 131072 0 0 0 131072 0 0 0 131072 0 0 0 131072 0 0 0 131072 0 0 0 0 0 0 0 131072 0 0 0
1 5 7 NO_CERTIFICATE 1 1048576 1048576 0 0 0 0 131072 0 0 0 0 0 0 0 131072 0 0 0 131072 0 0 0 131072 0 0 0 131072 0 0 0 131072 0 0 0 131072 0 0 0 0 0 0 0 131072 0 0 0
1 6 4 NO_CERTIFICATE 1 1048576 1048576 0 0 0 0 131072 0 0 0 0 0 0 0 131072 0 0 0 131072 0 0 0 131072 0 0 0 131072 0 0 0 131072 0 0 0 131072 0 0 0 0 0 0 0 131072 0 0 0
1 6 7 NO_CERTIFICATE 1 1048576 1048576 0 0 0 0 131072 0 0 0 0 0 0 0 131072 0 0 0 131072 0 0 0 131072 0 0 0 131072 0 0 0 131072 0 0 0 131072 0 0 0 0 0 0 0 131072 0 0 0
1 7 3 NO_CERTIFICATE 1 1048576 1048576 0 0 0 0 131072 0 0 0 131072 0 0 0 0 0 0 0 131072 0 0 0 131072 0 0 0 131072 0 0 0 131072 0 0 0 0 0 0 0 131072 0 0 0 131072 0 0 0
1 7 5 NO_CERTIFICATE 1 1048576 1048576 0 0 0 0 131072 0 0 0 0 0 0 0 131072 0 0 0 131072 0 0 0 131072 0 0 0 131072 0 0 0 131072 0 0 0 131072 0 0 0 0 0 0 0 131072 0 0 0
1 7 6 NO_CERTIFICATE 1 1048576 1048576 0 0 0 0 131072 0 0 0 0 0 0 0 131072 0 0 0 131072 0 0 0 131072 0 0 0 131072 0 0 0 131072 0 0 0 131072 0 0 0 0 0 0 0 131072 0 0 0
1 7 8 NO_CERTIFICATE 1 1048576 1048576 0 0 0 0 131072 0 0 0 131072 0 0 0 0 0 0 0 131072 0 0 0 131072 0 0 0 131072 0 0 0 131072 0 0 0 0 0 0 0 131072 0 0 0 131072 0 0 0
1 8 2 NO_CERTIFICATE 1 1048576 1048576 0 0 0 0 0 0 0 0 131072 0 0 0 131072 0 0 0 131072 0 0 0 131072 0 0 0 131072 0 0 0 131072 0 0 0 131072 0 0 0 131072 0 0 0 0 0 0 0
1 8 4 NO_CERTIFICATE 1 1048576 1048576 0 0 0 0 131072 0 0 0 131072 0 0 0 0 0 0 0 131072 0 0 0 131072 0 0 0 131072 0 0 0 131072 0 0 0 0 0 0 0 131072 0 0 0 131072 0 0 0
1 8 7 NO_CERTIFICATE 1 1048576 1048576 0 0 0 0 131072 0 0 0 131072 0 0 0 0 0 0 0 131072 0 0 0 131072 0 0 0 131072 0 0 0 131072 0 0 0 0 0 0 0 131072 0 0 0 131072 0 0 0
1 8 9 NO_CERTIFICATE 1 1048576 1048576 0 0 0 0 0 0 0 0 131072 0 0 0 131072 0 0 0 131072 0 0 0 131072 0 0 0 131072 0 0 0 131072 0 0 0 131072 0 0 0 131072 0 0 0 0 0 0 0
1 9 3 NO_CERTIFICATE 1 1048576 1048576 0 0 0 0 0 0 0 0 131072 0 0 0 131072 0 0 0 131072 0 0 0 131072 0 0 0 131072 0 0 0 131072 0 0 0 131072 0 0 0 131072 0 0 0 0 0 0 0
1 9 8 NO_CERTIFICATE 1 1048576 1048576 0 0 0 0 0 0 0 0 131072 0 0 0 131072 0 0 0 131072 0 0 0 131072 0 0 0 131072 0 0 0 131072 0 0 0 131072 0 0 0 131072 0 0 0 0 0 0 0
2 1 3 NO_CERTIFICATE 1 1048576 1048576 0 0 0 0 0 0 0 0 131072 0 0 0 131072 0 0 0 131072 0 0 0 131072 0 0 0 131072 0 0 0 131072 0 0 0 131072 0 0 0 131072 0 0 0 0 0 0 0
2 1 8 NO_CERTIFICATE 1 1048576 1048576 0 0 0 0 0 0 0 0 131072 0 0 0 131072 0 0 0 131072 0 0 0 131072 0 0 0 131072 0 0 0 131072 0 0 0 131072 0 0 0 131072 0 0 0 0 0 0 0
2 3 1 NO_CERTIFICATE 1 1048576 1048576 0 0 0 0 0 0 0 0 131072 0 0 0 131072 0 0 0 131072 0 0 0 131072 0 0 0 131072 0 0 0 131072 0 0 0 131072 0 0 0 131072 0 0 0 0 0 0 0
2 3 5 NO_CERTIFICATE 1 1048576 1048576 0 0 0 0 131072 0 0 0 131072 0 0 0 131072 0 0 0 0 0 0 0 131072 0 0 0 131072 0 0 0 0 0 0 0 131072 0 0 0 131072 0 0 0 131072 0 0 0
2 3 6 NO_CERTIFICATE 1 1048576 1048576 0 0 0 0 131072 0 0 0 131072 0 0 0 131072 0 0 0 0 0 0 0 131072 0 0 0 131072 0 0 0 0 0 0 0 131072 0 0 0 131072 0 0 0 131072 0 0 0
2 3 10 NO_CERTIFICATE 1 1048576 1048576 0 0 0 0 0 0 0 0 131072 0 0 0 131072 0 0 0 131072 0 0 0 131072 0 0 0 131072 0 0 0 131072 0 0 0 131072 0 0 0 131072 0 0 0 0 0 0 0
2 4 5 NO_CERTIFICATE 1 1048576 1048576 0 0 0 0 131072 0 0 0 131072 0 0 0 131072 0 0 0 131072 0 0 0 0 0 0 0 0 0 0 0 131072 0 0 0 131072 0 0 0 131072 0 0 0 131072 0 0 0
2 4 6 NO_CERTIFICATE 1 1048576 1048576 0 0 0 0 131072 0 0 0 131072 0 0 0 131072 0 0 0 131072 0 0 0 0 0 0 0 0 0 0 0 131072 0 0 0 131072 0 0 0 131072 0 0 0 131072 0 0 0
2 5 3 NO_CERTIFICATE 1 1048576 1048576 0 0 0 0 131072 0 0 0 131072 0 0 0 131072 0 0 0 0 0 0 0 131072 0 0 0 131072 0 0 0 0 0 0 0 131072 0 0 0 131072 0 0 0 131072 0 0 0
2 5 4 NO_CERTIFICATE 1 1048576 1048576 0 0 0 0 131072 0 0 0 131072 0 0 0 131072 0 0 0 131072 0 0 0 0 0 0 0 0 0 0 0 131072 0 0 0 131072 0 0 0 131072 0 0 0 131072 0 0 0
2 5 7 NO_CERTIFICATE 1 1048576 1048576 0 0 0 0 131072 0 0 0 131072 0 0 0 131072 0 0 0 131072 0 0 0 0 0 0 0 0 0 0 0 131072 0 0 0 131072 0 0 0 131072 0 0 0 131072 0 0 0
2 5 8 NO_CERTIFICATE 1 1048576 1048576 0 0 0 0 131072 0 0 0 131072 0 0 0 131072 0 0 0 0 0 0 0 131072 0 0 0 131072 0 0 0 0 0 0 0 131072 0 0 0 131072 0 0 0 131072 0 0 0
2 6 3 NO_CERTIFICATE 1 1048576 1048576 0 0 0 0 131072 0 0 0 131072 0 0 0 131072 0 0 0 0 0 0 0 131072 0 0 0 131072 0 0 0 0 0 0 0 131072 0 0 0 131072 0 0 0 131072 0 0 0
2 6 4 NO_CERTIFICATE 1 1048576 1048576 0 0 0 0 131072 0 0 0 131072 0 0 0 131072 0 0 0 131072 0 0 0 0 0 0 0 0 0 0 0 131072 0 0 0 131072 0 0 0 131072 0 0 0 131072 0 0 0
2 6 7 NO_CERTIFICATE 1 1048576 1048576 0 0 0 0 131072 0 0 0 131072 0 0 0 131072 0 0 0 131072 0 0 0 0 0 0 0 0 0 0 0 131072 0 0 0 131072 0 0 0 131072 0 0 0 131072 0 0 0
2 6 8 NO_CERTIFICATE 1 1048576 1048576 0 0 0 0 131072 0 0 0 131072 0 0 0 131072 0 0 0 0 0 0 0 131072 0 0 0 131072 0 0 0 0 0 0 0 131072 0 0 0 131072 0 0 0 131072 0 0 0
2 7 5 NO_CERTIFICATE 1 1048576 1048576 0 0 0 0 131072 0 0 0 131072 0 0 0 131072 0 0 0 131072 0 0 0 0 0 0 0 0 0 0 0 131072 0 0 0 131072 0 0 0 131072 0 0 0 131072 0 0 0
2 7 6 NO_CERTIFICATE 1 1048576 1048576 0 0 0 0 131072 0 0 0 131072 0 0 0 131072 0 0 0 131072 0 0 0 0 0 0 0 0 0 0 0 131072 0 0 0 131072 0 0 0 131072 0 0 0 131072 0 0 0
2 8 1 NO_CERTIFICATE 1 1048576 1048576 0 0 0 0 0 0 0 0 131072 0 0 0 131072 0 0 0 131072 0 0 0 131072 0 0 0 131072 0 0 0 131072 0 0 0 131072 0 0 0 131072 0 0 0 0 0 0 0
2 8 5 NO_CERTIFICATE 1 1048576 1048576 0 0 0 0 131072 0 0 0 131072 0 0 0 131072 0 0 0 0 0 0 0 131072 0 0 0 131072 0 0 0 0 0 0 0 131072 0 0 0 131072 0 0 0 131072 0 0 0
2 8 6 NO_CERTIFICATE 1 1048576 1048576 0 0 0 0 131072 0 0 0 131072 0 0 0 131072 0 0 0 0 0 0 0 131072 0 0 0 131072 0 0 0 0 0 0 0 131072 0 0 0 131072 0 0 0 131072 0 0 0
2 8 10 NO_CERTIFICATE 1 1048576 1048576 0 0 0 0 0 0 0 0 131072 0 0 0 131072 0 0 0 131072 0 0 0 131072 0 0 0 131072 0 0 0 131072 0 0 0 131072 0 0 0 131072 0 0 0 0 0 0 0
2 10 3 NO_CERTIFICATE 1 1048576 1048576 0 0 0 0 0 0 0 0 131072 0 0 0 131072 0 0 0 131072 0 0 0 131072 0 0 0 131072 0 0 0 131072 0 0 0 131072 0 0 0 131072 0 0 0 0 0 0 0
2 10 8 NO_CERTIFICATE 1 1048576 1048576 0 0 0 0 0 0 0 0 131072 0 0 0 131072 0 0 0 131072 0 0 0 131072 0 0 0 131072 0 0 0 131072 0 0 0 131072 0 0 0 131072 0 0 0 0 0 0 0
3 1 2 NO_CERTIFICATE 1 1048576 1048576 0 0 0 0 0 0 0 0 131072 0 0 0 131072 0 0 0 131072 0 0 0 131072 0 0 0 131072 0 0 0 131072 0 0 0 131072 0 0 0 131072 0 0 0 0 0 0 0
3 1 4 NO_CERTIFICATE 1 1048576 1048576 0 0 0 0 131072 0 0 0 131072 0 0 0 0 0 0 0 131072 0 0 0 131072 0 0 0 131072 0 0 0 131072 0 0 0 0 0 0 0 131072 0 0 0 131072 0 0 0
3 1 7 NO_CERTIFICATE 1 1048576 1048576 0 0 0 0 131072 0 0 0 131072 0 0 0 0 0 0 0 131072 0 0 0 131072 0 0 0 131072 0 0 0 131072 0 0 0 0 0 0 0 131072 0 0 0 131072 0 0 0
3 1 9 NO_CERTIFICATE 1 1048576 1048576 0 0 0 0 0 0 0 0 131072 0 0 0 131072 0 0 0 131072 0 0 0 131072 0 0 0 131072 0 0 0 131072 0 0 0 131072 0 0 0 131072 0 0 0 0 0 0 0
3 2 1 NO_CERTIFICATE 1 1048576 1048576 0 0 0 0 0 0 0 0 131072 0 0 0 131072 0 0 0 131072 0 0 0 131072 0 0 0 131072 0 0 0 131072 0 0 0 131072 0 0 0 131072 0 0 0 0 0 0 0
3 2 5 NO_CERTIFICATE 1 1048576 1048576 0 0 0 0 131072 0 0 0 131072 0 0 0 131072 0 0 0 0 0 0 0 131072 0 0 0 131072 0 0 0 0 0 0 0 131072 0 0 0 131072 0 0 0 131072 0 0 0
3 2 6 NO_CERTIFICATE 1 1048576 1048576 0 0 0 0 131072 0 0 0 131072 0 0 0 131072 0 0 0 0 0 0 0 131072 0 0 0 131072 0 0 0 0 0 0 0 131072 0 0 0 131072 0 0 0 131072 0 0 0
3 2 10 NO_CERTIFICATE 1 1048576 1048576 0 0 0 0 0 0 0 0 131072 0 0 0 131072 0 0 0 131072 0 0 0 131072 0 0 0 131072 0 0 0 131072 0 0 0 131072 0 0 0 131072 0 0 0 0 0 0 0
3 4 1 NO_CERTIFICATE 1 1048576 1048576 0 0 0 0 131072 0 0 0 131072 0 0 0 0 0 0 0 131072 0 0 0 131072 0 0 0 131072 0 0 0 131072 0 0 0 0 0 0 0 131072 0 0 0 131072 0 0 0
3 4 10 NO_CERTIFICATE 1 1048576 1048576 0 0 0 0 131072 0 0 0 131072 0 0 0 0 0 0 0 131072 0 0 0 131072 0 0 0 131072 0 0 0 131072 0 0 0 0 0 0 0 131072 0 0 0 131072 0 0 0
3 5 2 NO_CERTIFICATE 1 1048576 1048576 0 0 0 0 131072 0 0 0 131072 0 0 0 131072 0 0 0 0 0 0 0 131072 0 0 0 131072 0 0 0 0 0 0 0 131072 0 0 0 131072 0 0 0 131072 0 0 0
3 5 9 NO_CERTIFICATE 1 1048576 1048576 0 0 0 0 131072 0 0 0 131072 0 0 0 131072 0 0 0 0 0 0 0 131072 0 0 0 131072 0 0 0 0 0 0 0 131072 0 0 0 131072 0 0 0 131072 0 0 0
3 6 2 NO_CERTIFICATE 1 1048576 1048576 0 0 0 0 131072 0 0 0 131072 0 0 0 131072 0 0 0 0 0 0 0 131072 0 0 0 131072 0 0 0 0 0 0 0 131072 0 0 0 131072 0 0 0 131072 0 0 0
3 6 9 NO_CERTIFICATE 1 1048576 1048576 0 0 0 0 131072 0 0 0 131072 0 0 0 131072 0 0 0 0 0 0 0 131072 0 0 0 131072 0 0 0 0 0 0 0 131072 0 0 0 131072 0 0 0 131072 0 0 0
3 7 1 NO_CERTIFICATE 1 1048576 1048576 0 0 0 0 131072 0 0 0 131072 0 0 0 0 0 0 0 131072 0 0 0 131072 0 0 0 131072 0 0 0 131072 0 0 0 0 0 0 0 131072 0 0 0 131072 0 0 0
3 7 10 NO_CERTIFICATE 1 1048576 1048576 0 0 0 0 131072 0 0 0 131072 0 0 0 0 0 0 0 131072 0 0 0 131072 0 0 0 131072 0 0 0 131072 0 0 0 0 0 0 0 131072 0 0 0 131072 0 0 0
3 9 1 NO_CERTIFICATE 1 1048576 1048576 0 0 0 0 0 0 0 0 131072 0 0 0 131072 0 0 0 131072 0 0 0 131072 0 0 0 131072 0 0 0 131072 0 0 0 131072 0 0 0 131072 0 0 0 0 0 0 0
3 9 5 NO_CERTIFICATE 1 1048576 1048576 0 0 0 0 131072 0 0 0 131072 0 0 0 131072 0 0 0 0 0 0 0 131072 0 0 0 131072 0 0 0 0 0 0 0 131072 0 0 0 131072 0 0 0 131072 0 0 0
3 9 6 NO_CERTIFICATE 1 1048576 1048576 0 0 0 0 131072 0 0 0 131072 0 0 0 131072 0 0 0 0 0 0 0 131072 0 0 0 131072 0 0 0 0 0 0 0 131072 0 0 0 131072 0 0 0 131072 0 0 0
3 9 10 NO_CERTIFICATE 1 1048576 1048576 0 0 0 0 0 0 0 0 131072 0 0 0 131072 0 0 0 131072 0 0 0 131072 0 0 0 131072 0 0 0 131072 0 0 0 131072 0 0 0 131072 0 0 0 0 0 0 0
3 10 2 NO_CERTIFICATE 1 1048576 1048576 0 0 0 0 0 0 0 0 131072 0 0 0 131072 0 0 0 131072 0 0 0 131072 0 0 0 131072 0 0 0 131072 0 0 0 131072 0 0 0 131072 0 0 0 0 0 0 0
3 10 4 NO_CERTIFICATE 1 1048576 1048576 0 0 0 0 131072 0 0 0 131072 0 0 0 0 0 0 0 131072 0 0 0 131072 0 0 0 131072 0 0 0 131072 0 0 0 0 0 0 0 131072 0 0 0 131072 0 0 0
3 10 7 NO_CERTIFICATE 1 1048576 1048576 0 0 0 0 131072 0 0 0 131072 0 0 0 0 0 0 0 131072 0 0 0 131072 0 0 0 131072 0 0 0 131072 0 0 0 0 0 0 0 131072 0 0 0 131072 0 0 0
3 10 9 NO_CERTIFICATE 1 1048576 1048576 0 0 0 0 0 0 0 0 131072 0 0 0 131072 0 0 0 131072 0 0 0 131072 0 0 0 131072 0 0 0 131072 0 0 0 131072 0 0 0 131072 0 0 0 0 0 0 0
4 1 3 NO_CERTIFICATE 1 1048576 1048576 0 0 0 0 131072 0 0 0 131072 0 0 0 0 0 0 0 131072 0 0 0 131072 0 0 0 131072 0 0 0 131072 0 0 0 0 0 0 0 131072 0 0 0 131072 0 0 0
4 1 5 NO_CERTIFICATE 1 1048576 1048576 0 0 0 0 131072 0 0 0 0 0 0 0 131072 0 0 0 131072 0 0 0 131072 0 0 0 131072 0 0 0 131072 0 0 0 131072 0 0 0 0 0 0 0 131072 0 0 0
4 1 6 NO_CERTIFICATE 1 1048576 1048576 0 0 0 0 131072 0 0 0 0 0 0 0 131072 0 0 0 131072 0 0 0 131072 0 0 0 131072 0 0 0 131072 0 0 0 131072 0 0 0 0 0 0 0 131072 0 0 0
4 1 8 NO_CERTIFICATE 1 1048576 1048576 0 0 0 0 131072 0 0 0 131072 0 0 0 0 0 0 0 131072 0 0 0 131072 0 0 0 131072 0 0 0 131072 0 0 0 0 0 0 0 131072 0 0 0 131072 0 0 0
4 2 5 NO_CERTIFICATE 1 1048576 1048576 0 0 0 0 131072 0 0 0 131072 0 0 0 131072 0 0 0 131072 0 0 0 0 0 0 0 0 0 0 0 131072 0 0 0 131072 0 0 0 131072 0 0 0 131072 0 0 0
4 2 6 NO_CERTIFICATE 1 1048576 1048576 0 0 0 0 131072 0 0 0 131072 0 0 0 131072 0 0 0 131072 0 0 0 0 0 0 0 0 0 0 0 131072 0 0 0 131072 0 0 0 131072 0 0 0 131072 0 0 0
4 3 1 NO_CERTIFICATE 1 1048576 1048576 0 0 0 0 131072 0 0 0 131072 0 0 0 0 0 0 0 131072 0 0 0 131072 0 0 0 131072 0 0 0 131072 0 0 0 0 0 0 0 131072 0 0 0 131072 0 0 0
4 3 10 NO_CERTIFICATE 1 1048576 1048576 0 0 0 0 131072 0 0 0 131072 0 0 0 0 0 0 0 131072 0 0 0 131072 0 0 0 131072 0 0 0 131072 0 0 0 0 0 0 0 131072 0 0 0 131072 0 0 0
4 5 1 NO_CERTIFICATE 1 1048576 1048576 0 0 0 0 131072 0 0 0 0 0 0 0 131072 0 0 0 131072 0 0 0 131072 0 0 0 131072 0 0 0 131072 0 0 0 131072 0 0 0 0 0 0 0 131072 0 0 0
4 5 2 NO_CERTIFICATE 1 1048576 1048576 0 0 0 0 131072 0 0 0 131072 0 0 0 131072 0 0 0 131072 0 0 0 0 0 0 0 0 0 0 0 131072 0 0 0 131072 0 0 0 131072 0 0 0 131072 0 0 0
4 5 9 NO_CERTIFICATE 1 1048576 1048576 0 0 0 0 131072 0 0 0 131072 0 0 0 131072 0 0 0 131072 0 0 0 0 0 0 0 0 0 0 0 131072 0 0 0 131072 0 0 0 131072 0 0 0 131072 0 0 0
4 5 10 NO_CERTIFICATE 1 1048576 1048576 0 0 0 0 131072 0 0 0 0 0 0 0 131072 0 0 0 131072 0 0 0 131072 0 0 0 131072 0 0 0 131072 0 0 0 131072 0 0 0 0 0 0 0 131072 0 0 0
4 6 1 NO_CERTIFICATE 1 1048576 1048576 0 0 0 0 131072 0 0 0 0 0 0 0 131072 0 0 0 131072 0 0 0 131072 0 0 0 131072 0 0 0 131072 0 0 0 131072 0 0 0 0 0 0 0 131072 0 0 0
4 6 2 NO_CERTIFICATE 1 1048576 1048576 0 0 0 0 131072 0 0 0 131072 0 0 0 131072 0 0 0 131072 0 0 0 0 0 0 0 0 0 0 0 131072 0 0 0 131072 0 0 0 131072 0 0 0 131072 0 0 0
4 6 9 NO_CERTIFICATE 1 1048576 1048576 0 0 0 0 131072 0 0 0 131072 0 0 0 131072 0 0 0 131072 0 0 0 0 0 0 0 0 0 0 0 131072 0 0 0 131072 0 0 0 131072 0 0 0 131072 0 0 0
4 6 10 NO_CERTIFICATE 1 1048576 1048576 0 0 0 0 131072 0 0 0 0 0 0 0 131072 0 0 0 131072 0 0 0 131072 0 0 0 131072 0 0 0 131072 0 0 0 131072 0 0 0 0 0 0 0 131072 0 0 0
4 8 1 NO_CERTIFICATE 1 1048576 1048576 0 0 0 0 131072 0 0 0 131072 0 0 0 0 0 0 0 131072 0 0 0 131072 0 0 0 131072 0 0 0 131072 0 0 0 0 0 0 0 131072 0 0 0 131072 0 0 0
4 8 10 NO_CERTIFICATE 1 1048576 1048576 0 0 0 0 131072 0 0 0 131072 0 0 0 0 0 0 0 131072 0 0 0 131072 0 0 0 131072 0 0 0 131072 0 0 0 0 0 0 0 131072 0 0 0 131072 0 0 0
4 9 5 NO_CERTIFICATE 1 1048576 1048576 0 0 0 0 131072 0 0 0 131072 0 0 0 131072 0 0 0 131072 0 0 0 0 0 0 0 0 0 0 0 131072 0 0 0 131072 0 0 0 131072 0 0 0 131072 0 0 0
4 9 6 NO_CERTIFICATE 1 1048576 1048576 0 0 0 0 131072 0 0 0 131072 0 0 0 131072 0 0 0 131072 0 0 0 0 0 0 0 0 0 0 0 131072 0 0 0 131072 0 0 0 131072 0 0 0 131072 0 0 0
4 10 3 NO_CERTIFICATE 1 1048576 1048576 0 0 0 0 131072 0 0 0 131072 0 0 0 0 0 0 0 131072 0 0 0 131072 0 0 0 131072 0 0 0 131072 0 0 0 0 0 0 0 131072 0 0 0 131072 0 0 0
4 10 5 NO_CERTIFICATE 1 1048576 1048576 0 0 0 0 131072 0 0 0 0 0 0 0 131072 0 0 0 131072 0 0 0 131072 0 0 0 131072 0 0 0 131072 0 0 0 131072 0 0 0 0 0 0 0 131072 0 0 0
4 10 6 NO_CERTIFICATE 1 1048576 1048576 0 0 0 0 131072 0 0 0 0 0 0 0 131072 0 0 0 131072 0 0 0 131072 0 0 0 131072 0 0 0 131072 0 0 0 131072 0 0 0 0 0 0 0 131072 0 0 0
4 10 8 NO_CERTIFICATE 1 1048576 1048576 0 0 0 0 131072 0 0 0 131072 0 0 0 0 0 0 0 131072 0 0 0 131072 0 0 0 131072 0 0 0 131072 0 0 0 0 0 0 0 131072 0 0 0 131072 0 0 0
5 1 4 NO_CERTIFICATE 1 1048576 1048576 0 0 0 0 131072 0 0 0 0 0 0 0 131072 0 0 0 131072 0 0 0 131072 0 0 0 131072 0 0 0 131072 0 0 0 131072 0 0 0 0 0 0 0 131072 0 0 0
5 1 7 NO_CERTIFICATE 1 1048576 1048576 0 0 0 0 131072 0 0 0 0 0 0 0 131072 0 0 0 131072 0 0 0 131072 0 0 0 131072 0 0 0 131072 0 0 0 131072 0 0 0 0 0 0 0 131072 0 0 0
5 2 3 NO_CERTIFICATE 1 1048576 1048576 0 0 0 0 131072 0 0 0 131072 0 0 0 131072 0 0 0 0 0 0 0 131072 0 0 0 131072 0 0 0 0 0 0 0 131072 0 0 0 131072 0 0 0 131072 0 0 0
5 2 4 NO_CERTIFICATE 1 1048576 1048576 0 0 0 0 131072 0 0 0 131072 0 0 0 131072 0 0 0 131072 0 0 0 0 0 0 0 0 0 0 0 131072 0 0 0 131072 0 0 0 131072 0 0 0 131072 0 0 0
5 2 7 NO_CERTIFICATE 1 1048576 1048576 0 0 0 0 131072 0 0 0 131072 0 0 0 131072 0 0 0 131072 0 0 0 0 0 0 0 0 0 0 0 131072 0 0 0 131072 0 0 0 131072 0 0 0 131072 0 0 0
5 2 8 NO_CERTIFICATE 1 1048576 1048576 0 0 0 0 131072 0 0 0 131072 0 0 0 131072 0 0 0 0 0 0 0 131072 0 0 0 131072 0 0 0 0 0 0 0 131072 0 0 0 131072 0 0 0 131072 0 0 0
5 3 2 NO_CERTIFICATE 1 1048576 1048576 0 0 0 0 131072 0 0 0 131072 0 0 0 131072 0 0 0 0 0 0 0 131072 0 0 0 131072 0 0 0 0 0 0 0 131072 0 0 0 131072 0 0 0 131072 0 0 0
5 3 9 NO_CERTIFICATE 1 1048576 1048576 0 0 0 0 131072 0 0 0 131072 0 0 0 131072 0 0 0 0 0 0 0 131072 0 0 0 131072 0 0 0 0 0 0 0 131072 0 0 0 131072 0 0 0 131072 0 0 0
5 4 1 NO_CERTIFICATE 1 1048576 1048576 0 0 0 0 131072 0 0 0 0 0 0 0 131072 0 0 0 131072 0 0 0 131072 0 0 0 131072 0 0 0 131072 0 0 0 131072 0 0 0 0 0 0 0 131072 0 0 0
5 4 2 NO_CERTIFICATE 1 1048576 1048576 0 0 0 0 131072 0 0 0 131072 0 0 0 131072 0 0 0 131072 0 0 0 0 0 0 0 0 0 0 0 131072 0 0 0 131072 0 0 0 131072 0 0 0 131072 0 0 0
5 4 9 NO_CERTIFICATE 1 1048576 1048576 0 0 0 0 131072 0 0 0 131072 0 0 0 131072 0 0 0 131072 0 0 0 0 0 0 0 0 0 0 0 131072 0 0 0 131072 0 0 0 131072 0 0 0 131072 0 0 0
5 4 10 NO_CERTIFICATE 1 1048576 1048576 0 0 0 0 131072 0 0 0 0 0 0 0 131072 0 0 0 131072 0 0 0 131072 0 0 0 131072 0 0 0 131072 0 0 0 131072 0 0 0 0 0 0 0 131072 0 0 0
5 7 1 NO_CERTIFICATE 1 1048576 1048576 0 0 0 0 131072 0 0 0 0 0 0 0 131072 0 0 0 131072 0 0 0 131072 0 0 0 131072 0 0 0 131072 0 0 0 131072 0 0 0 0 0 0 0 131072 0 0 0
5 7 2 NO_CERTIFICATE 1 1048576 1048576 0 0 0 0 131072 0 0 0 131072 0 0 0 131072 0 0 0 131072 0 0 0 0 0 0 0 0 0 0 0 131072 0 0 0 131072 0 0 0 131072 0 0 0 131072 0 0 0
5 7 9 NO_CERTIFICATE 1 1048576 1048576 0 0 0 0 131072 0 0 0 131072 0 0 0 131072 0 0 0 131072 0 0 0 0 0 0 0 0 0 0 0 131072 0 0 0 131072 0 0 0 131072 0 0 0 131072 0 0 0
5 7 10 NO_CERTIFICATE 1 1048576 1048576 0 0 0 0 131072 0 0 0 0 0 0 0 131072 0 0 0 131072 0 0 0 131072 0 0 0 131072 0 0 0 131072 0 0 0 131072 0 0 0 0 0 0 0 131072 0 0 0
5 8 2 NO_CERTIFICATE 1 1048576 1048576 0 0 0 0 131072 0 0 0 131072 0 0 0 131072 0 0 0 0 0 0 0 131072 0 0 0 131072 0 0 0 0 0 0 0 131072 0 0 0 131072 0 0 0 131072 0 0 0
5 8 9 NO_CERTIFICATE 1 1048576 1048576 0 0 0 0 131072 0 0 0 131072 0 0 0 131072 0 0 0 0 0 0 0 131072 0 0 0 131072 0 0 0 0 0 0 0 131072 0 0 0 131072 0 0 0 131072 0 0 0
5 9 3 NO_CERTIFICATE 1 1048576 1048576 0 0 0 0 131072 0 0 0 131072 0 0 0 131072 0 0 0 0 0 0 0 131072 0 0 0 131072 0 0 0 0 0 0 0 131072 0 0 0 131072 0 0 0 131072 0 0 0
5 9 4 NO_CERTIFICATE 1 1048576 1048576 0 0 0 0 131072 0 0 0 131072 0 0 0 131072 0 0 0 131072 0 0 0 0 0 0 0 0 0 0 0 131072 0 0 0 131072 0 0 0 131072 0 0 0 131072 0 0 0
5 9 7 NO_CERTIFICATE 1 1048576 1048576 0 0 0 0 131072 0 0 0 131072 0 0 0 131072 0 0 0 131072 0 0 0 0 0 0 0 0 0 0 0 131072 0 0 0 131072 0 0 0 131072 0 0 0 131072 0 0 0
5 9 8 NO_CERTIFICATE 1 1048576 1048576 0 0 0 0 131072 0 0 0 131072 0 0 0 131072 0 0 0 0 0 0 0 131072 0 0 0 131072 0 0 0 0 0 0 0 131072 0 0 0 131072 0 0 0 131072 0 0 0
5 10 4 NO_CERTIFICATE 1 1048576 1048576 0 0 0 0 131072 0 0 0 0 0 0 0 131072 0 0 0 131072 0 0 0 131072 0 0 0 131072 0 0 0 131072 0 0 0 131072 0 0 0 0 0 0 0 131072 0 0 0
5 10 7 NO_CERTIFICATE 1 1048576 1048576 0 0 0 0 131072 0 0 0 0 0 0 0 131072 0 0 0 131072 0 0 0 131072 0 0 0 131072 0 0 0 131072 0 0 0 131072 0 0 0 0 0 0 0 131072 0 0 0
6 1 4 NO_CERTIFICATE 1 1048576 1048576 0 0 0 0 131072 0 0 0 0 0 0 0 131072 0 0 0 131072 0 0 0 131072 0 0 0 131072 0 0 0 131072 0 0 0 131072 0 0 0 0 0 0 0 131072 0 0 0
6 1 7 NO_CERTIFICATE 1 1048576 1048576 0 0 0 0 131072 0 0 0 0 0 0 0 131072 0 0 0 131072 0 0 0 131072 0 0 0 131072 0 0 0 131072 0 0 0 131072 0 0 0 0 0 0 0 131072 0 0 0
6 2 3 NO_CERTIFICATE 1 1048576 1048576 0 0 0 0 131072 0 0 0 131072 0 0 0 131072 0 0 0 0 0 0 0 131072 0 0 0 131072 0 0 0 0 0 0 0 131072 0 0 0 131072 0 0 0 131072 0 0 0
6 2 4 NO_CERTIFICATE 1 1048576 1048576 0 0 0 0 131072 0 0 0 131072 0 0 0 131072 0 0 0 131072 0 0 0 0 0 0 0 0 0 0 0 131072 0 0 0 131072 0 0 0 131072 0 0 0 131072 0 0 0
6 2 7 NO_CERTIFICATE 1 1048576 1048576 0 0 0 0 131072 0 0 0 131072 0 0 0 131072 0 0 0 131072 0 0 0 0 0 0 0 0 0 0 0 131072 0 0 0 131072 0 0 0 131072 0 0 0 131072 0 0 0
6 2 8 NO_CERTIFICATE 1 1048576 1048576 0 0 0 0 131072 0 0 0 131072 0 0 0 131072 0 0 0 0 0 0 0 131072 0 0 0 131072 0 0 0 0 0 0 0 131072 0 0 0 131072 0 0 0 131072 0 0 0
6 3 2 NO_CERTIFICATE 1 1048576 1048576 0 0 0 0 131072 0 0 0 131072 0 0 0 131072 0 0 0 0 0 0 0 131072 0 0 0 131072 0 0 0 0 0 0 0 131072 0 0 0 131072 0 0 0 131072 0 0 0
6 3 9 NO_CERTIFICATE 1 1048576 1048576 0 0 0 0 131072 0 0 0 131072 0 0 0 131072 0 0 0 0 0 0 0 131072 0 0 0 131072 0 0 0 0 0 0 0 131072 0 0 0 131072 0 0 0 131072 0 0 0
6 4 1 NO_CERTIFICATE 1 1048576 1048576 0 0 0 0 131072 0 0 0 0 0 0 0 131072 0 0 0 131072 0 0 0 131072 0 0 0 131072 0 0 0 131072 0 0 0 131072 0 0 0 0 0 0 0 131072 0 0 0
6 4 2 NO_CERTIFICATE 1 1048576 1048576 0 0 0 0 131072 0 0 0 131072 0 0 0 131072 0 0 0 131072 0 0 0 0 0 0 0 0 0 0 0 131072 0 0 0 131072 0 0 0 131072 0 0 0 131072 0 0 0
6 4 9 NO_CERTIFICATE 1 1048576 1048576 0 0 0 0 131072 0 0 0 131072 0 0 0 131072 0 0 0 131072 0 0 0 0 0 0 0 0 0 0 0 131072 0 0 0 131072 0 0 0 131072 0 0 0 131072 0 0 0
6 4 10 NO_CERTIFICATE 1 1048576 1048576 0 0 0 0 131072 0 0 0 0 0 0 0 131072 0 0 0 131072 0 0 0 131072 0 0 0 131072 0 0 0 131072 0 0 0 131072 0 0 0 0 0 0 0 131072 0 0 0
6 7 1 NO_CERTIFICATE 1 1048576 1048576 0 0 0 0 131072 0 0 0 0 0 0 0 131072 0 0 0 131072 0 0 0 131072 0 0 0 131072 0 0 0 131072 0 0 0 131072 0 0 0 0 0 0 0 131072 0 0 0
6 7 2 NO_CERTIFICATE 1 1048576 1048576 0 0 0 0 131072 0 0 0 131072 0 0 0 131072 0 0 0 131072 0 0 0 0 0 0 0 0 0 0 0 131072 0 0 0 131072 0 0 0 131072 0 0 0 131072 0 0 0
6 7 9 NO_CERTIFICATE 1 1048576 1048576 0 0 0 0 131072 0 0 0 131072 0 0 0 131072 0 0 0 131072 0 0 0 0 0 0 0 0 0 0 0 131072 0 0 0 131072 0 0 0 131072 0 0 0 131072 0 0 0
6 7 10 NO_CERTIFICATE 1 1048576 1048576 0 0 0 0 131072 0 0 0 0 0 0 0 131072 0 0 0 131072 0 0 0 131072 0 0 0 131072 0 0 0 131072 0 0 0 131072 0 0 0 0 0 0 0 131072 0 0 0
6 8 2 NO_CERTIFICATE 1 1048576 1048576 0 0 0 0 131072 0 0 0 131072 0 0 0 131072 0 0 0 0 0 0 0 131072 0 0 0 131072 0 0 0 0 0 0 0 131072 0 0 0 131072 0 0 0 131072 0 0 0
6 8 9 NO_CERTIFICATE 1 1048576 1048576 0 0 0 0 131072 0 0 0 131072 0 0 0 131072 0 0 0 0 0 0 0 131072 0 0 0 131072 0 0 0 0 0 0 0 131072 0 0 0 131072 0 0 0 131072 0 0 0
6 9 3 NO_CERTIFICATE 1 1048576 1048576 0 0 0 0 131072 0 0 0 131072 0 0 0 131072 0 0 0 0 0 0 0 131072 0 0 0 131072 0 0 0 0 0 0 0 131072 0 0 0 131072 0 0 0 131072 0 0 0
6 9 4 NO_CERTIFICATE 1 1048576 1048576 0 0 0 0 131072 0 0 0 131072 0 0 0 131072 0 0 0 131072 0 0 0 0 0 0 0 0 0 0 0 131072 0 0 0 131072 0 0 0 131072 0 0 0 131072 0 0 0
6 9 7 NO_CERTIFICATE 1 1048576 1048576 0 0 0 0 131072 0 0 0 131072 0 0 0 131072 0 0 0 131072 0 0 0 0 0 0 0 0 0 0 0 131072 0 0 0 131072 0 0 0 131072 0 0 0 131072 0 0 0
6 9 8 NO_CERTIFICATE 1 1048576 1048576 0 0 0 0 131072 0 0 0 131072 0 0 0 131072 0 0 0 0 0 0 0 131072 0 0 0 131072 0 0 0 0 0 0 0 131072 0 0 0 131072 0 0 0 131072 0 0 0
6 10 4 NO_CERTIFICATE 1 1048576 1048576 0 0 0 0 131072 0 0 0 0 0 0 0 131072 0 0 0 131072 0 0 0 131072 0 0 0 131072 0 0 0 131072 0 0 0 131072 0 0 0 0 0 0 0 131072 0 0 0
6 10 7 NO_CERTIFICATE 1 1048576 1048576 0 0 0 0 131072 0 0 0 0 0 0 0 131072 0 0 0 131072 0 0 0 131072 0 0 0 131072 0 0 0 131072 0 0 0 131072 0 0 0 0 0 0 0 131072 0 0 0
7 1 3 NO_CERTIFICATE 1 1048576 1048576 0 0 0 0 131072 0 0 0 131072 0 0 0 0 0 0 0 131072 0 0 0 131072 0 0 0 131072 0 0 0 131072 0 0 0 0 0 0 0 131072 0 0 0 131072 0 0 0
7 1 5 NO_CERTIFICATE 1 1048576 1048576 0 0 0 0 131072 0 0 0 0 0 0 0 131072 0 0 0 131072 0 0 0 131072 0 0 0 131072 0 0 0 131072 0 0 0 131072 0 0 0 0 0 0 0 131072 0 0 0
7 1 6 NO_CERTIFICATE 1 1048576 1048576 0 0 0 0 131072 0 0 0 0 0 0 0 131072 0 0 0 131072 0 0 0 131072 0 0 0 131072 0 0 0 131072 0 0 0 131072 0 0 0 0 0 0 0 131072 0 0 0
7 1 8 NO_CERTIFICATE 1 1048576 1048576 0 0 0 0 131072 0 0 0 131072 0 0 0 0 0 0 0 131072 0 0 0 131072 0 0 0 131072 0 0 0 131072 0 0 0 0 0 0 0 131072 0 0 0 131072 0 0 0
7 2 5 NO_CERTIFICATE 1 1048576 1048576 0 0 0 0 131072 0 0 0 131072 0 0 0 131072 0 0 0 131072 0 0 0 0 0 0 0 0 0 0 0 131072 0 0 0 131072 0 0 0 131072 0 0 0 131072 0 0 0
7 2 6 NO_CERTIFICATE 1 1048576 1048576 0 0 0 0 131072 0 0 0 131072 0 0 0 131072 0 0 0 131072 0 0 0 0 0 0 0 0 0 0 0 131072 0 0 0 131072 0 0 0 131072 0 0 0 131072 0 0 0
7 3 1 NO_CERTIFICATE 1 1048576 1048576 0 0 0 0 131072 0 0 0 131072 0 0 0 0 0 0 0 131072 0 0 0 131072 0 0 0 131072 0 0 0 131072 0 0 0 0 0 0 0 131072 0 0 0 131072 0 0 0
7 3 10 NO_CERTIFICATE 1 1048576 1048576 0 0 0 0 131072 0 0 0 131072 0 0 0 0 0 0 0 131072 0 0 0 131072 0 0 0 131072 0 0 0 131072 0 0 0 0 0 0 0 131072 0 0 0 131072 0 0 0
7 5 1 NO_CERTIFICATE 1 1048576 1048576 0 0 0 0 131072 0 0 0 0 0 0 0 131072 0 0 0 131072 0 0 0 131072 0 0 0 131072 0 0 0 131072 0 0 0 131072 0 0 0 0 0 0 0 131072 0 0 0
7 5 2 NO_CERTIFICATE 1 1048576 1048576 0 0 0 0 131072 0 0 0 131072 0 0 0 131072 0 0 0 131072 0 0 0 0 0 0 0 0 0 0 0 131072 0 0 0 131072 0 0 0 131072 0 0 0 131072 0 0 0
7 5 9 NO_CERTIFICATE 1 1048576 1048576 0 0 0 0 131072 0 0 0 131072 0 0 0 131072 0 0 0 131072 0 0 0 0 0 0 0 0 0 0 0 131072 0 0 0 131072 0 0 0 131072 0 0 0 131072 0 0 0
7 5 10 NO_CERTIFICATE 1 1048576 1048576 0 0 0 0 131072 0 0 0 0 0 0 0 131072 0 0 0 131072 0 0 0 131072 0 0 0 131072 0 0 0 131072 0 0 0 131072 0 0 0 0 0 0 0 131072 0 0 0
7 6 1 NO_CERTIFICATE 1 1048576 1048576 0 0 0 0 131072 0 0 0 0 0 0 0 131072 0 0 0 131072 0 0 0 131072 0 0 0 131072 0 0 0 131072 0 0 0 131072 0 0 0 0 0 0 0 131072 0 0 0
7 6 2 NO_CERTIFICATE 1 1048576 1048576 0 0 0 0 131072 0 0 0 131072 0 0 0 131072 0 0 0 131072 0 0 0 0 0 0 0 0 0 0 0 131072 0 0 0 131072 0 0 0 131072 0 0 0 131072 0 0 0
7 6 9 NO_CERTIFICATE 1 1048576 1048576 0 0 0 0 131072 0 0 0 131072 0 0 0 131072 0 0 0 131072 0 0 0 0 0 0 0 0 0 0 0 131072 0 0 0 131072 0 0 0 131072 0 0 0 131072 0 0 0
7 6 10 NO_CERTIFICATE 1 1048576 1048576 0 0 0 0 131072 0 0 0 0 0 0 0 131072 0 0 0 131072 0 0 0 131072 0 0 0 131072 0 0 0 131072 0 0 0 131072 0 0 0 0 0 0 0 131072 0 0 0
7 8 1 NO_CERTIFICATE 1 1048576 1048576 0 0 0 0 131072 0 0 0 131072 0 0 0 0 0 0 0 131072 0 0 0 131072 0 0 0 131072 0 0 0 131072 0 0 0 0 0 0 0 131072 0 0 0 131072 0 0 0
7 8 10 NO_CERTIFICATE 1 1048576 1048576 0 0 0 0 131072 0 0 0 131072 0 0 0 0 0 0 0 131072 0 0 0 131072 0 0 0 131072 0 0 0 131072 0 0 0 0 0 0 0 131072 0 0 0 131072 0 0 0
7 9 5 NO_CERTIFICATE 1 1048576 1048576 0 0 0 0 131072 0 0 0 131072 0 0 0 131072 0 0 0 131072 0 0 0 0 0 0 0 0 0 0 0 131072 0 0 0 131072 0 0 0 131072 0 0 0 131072 0 0 0
7 9 6 NO_CERTIFICATE 1 1048576 1048576 0 0 0 0 131072 0 0 0 131072 0 0 0 131072 0 0 0 131072 0 0 0 0 0 0 0 0 0 0 0 131072 0 0 0 131072 0 0 0 131072 0 0 0 131072 0 0 0
7 10 3 NO_CERTIFICATE 1 1048576 1048576 0 0 0 0 131072 0 0 0 131072 0 0 0 0 0 0 0 131072 0 0 0 131072 0 0 0 131072 0 0 0 131072 0 0 0 0 0 0 0 131072 0 0 0 131072 0 0 0
7 10 5 NO_CERTIFICATE 1 1048576 1048576 0 0 0 0 131072 0 0 0 0 0 0 0 131072 0 0 0 131072 0 0 0 131072 0 0 0 131072 0 0 0 131072 0 0 0 131072 0 0 0 0 0 0 0 131072 0 0 0
7 10 6 NO_CERTIFICATE 1 1048576 1048576 0 0 0 0 131072 0 0 0 0 0 0 0 131072 0 0 0 131072 0 0 0 131072 0 0 0 131072 0 0 0 131072 0 0 0 131072 0 0 0 0 0 0 0 131072 0 0 0
7 10 8 NO_CERTIFICATE 1 1048576 1048576 0 0 0 0 131072 0 0 0 131072 0 0 0 0 0 0 0 131072 0 0 0 131072 0 0 0 131072 0 0 0 131072 0 0 0 0 0 0 0 131072 0 0 0 131072 0 0 0
8 1 2 NO_CERTIFICATE 1 1048576 1048576 0 0 0 0 0 0 0 0 131072 0 0 0 131072 0 0 0 131072 0 0 0 131072 0 0 0 131072 0 0 0 131072 0 0 0 131072 0 0 0 131072 0 0 0 0 0 0 0
8 1 4 NO_CERTIFICATE 1 1048576 1048576 0 0 0 0 131072 0 0 0 131072 0 0 0 0 0 0 0 131072 0 0 0 131072 0 0 0 131072 0 0 0 131072 0 0 0 0 0 0 0 131072 0 0 0 131072 0 0 0
8 1 7 NO_CERTIFICATE 1 1048576 1048576 0 0 0 0 131072 0 0 0 131072 0 0 0 0 0 0 0 131072 0 0 0 131072 0 0 0 131072 0 0 0 131072 0 0 0 0 0 0 0 131072 0 0 0 131072 0 0 0
8 1 9 NO_CERTIFICATE 1 1048576 1048576 0 0 0 0 0 0 0 0 131072 0 0 0 131072 0 0 0 131072 0 0 0 131072 0 0 0 131072 0 0 0 131072 0 0 0 131072 0 0 0 131072 0 0 0 0 0 0 0
8 2 1 NO_CERTIFICATE 1 1048576 1048576 0 0 0 0 0 0 0 0 131072 0 0 0 131072 0 0 0 131072 0 0 0 131072 0 0 0 131072 0 0 0 131072 0 0 0 131072 0 0 0 131072 0 0 0 0 0 0 0
8 2 5 NO_CERTIFICATE 1 1048576 1048576 0 0 0 0 131072 0 0 0 131072 0 0 0 131072 0 0 0 0 0 0 0 131072 0 0 0 131072 0 0 0 0 0 0 0 131072 0 0 0 131072 0 0 0 131072 0 0 0
8 2 6 NO_CERTIFICATE 1 1048576 1048576 0 0 0 0 131072 0 0 0 131072 0 0 0 131072 0 0 0 0 0 0 0 131072 0 0 0 131072 0 0 0 0 0 0 0 131072 0 0 0 131072 0 0 0 131072 0 0 0
8 2 10 NO_CERTIFICATE 1 1048576 1048576 0 0 0 0 0 0 0 0 131072 0 0 0 131072 0 0 0 131072 0 0 0 131072 0 0 0 131072 0 0 0 131072 0 0 0 131072 0 0 0 131072 0 0 0 0 0 0 0
8 4 1 NO_CERTIFICATE 1 1048576 1048576 0 0 0 0 131072 0 0 0 131072 0 0 0 0 0 0 0 131072 0 0 0 131072 0 0 0 131072 0 0 0 131072 0 0 0 0 0 0 0 131072 0 0 0 131072 0 0 0
8 4 10 NO_CERTIFICATE 1 1048576 1048576 0 0 0 0 131072 0 0 0 131072 0 0 0 0 0 0 0 131072 0 0 0 131072 0 0 0 131072 0 0 0 131072 0 0 0 0 0 0 0 131072 0 0 0 131072 0 0 0
8 5 2 NO_CERTIFICATE 1 1048576 1048576 0 0 0 0 131072 0 0 0 131072 0 0 0 131072 0 0 0 0 0 0 0 131072 0 0 0 131072 0 0 0 0 0 0 0 131072 0 0 0 131072 0 0 0 131072 0 0 0
8 5 9 NO_CERTIFICATE 1 1048576 1048576 0 0 0 0 131072 0 0 0 131072 0 0 0 131072 0 0 0 0 0 0 0 131072 0 0 0 131072 0 0 0 0 0 0 0 131072 0 0 0 131072 0 0 0 131072 0 0 0
8 6 2 NO_CERTIFICATE 1 1048576 1048576 0 0 0 0 131072 0 0 0 131072 0 0 0 131072 0 0 0 0 0 0 0 131072 0 0 0 131072 0 0 0 0 0 0 0 131072 0 0 0 131072 0 0 0 131072 0 0 0
8 6 9 NO_CERTIFICATE 1 1048576 1048576 0 0 0 0 131072 0 0 0 131072 0 0 0 131072 0 0 0 0 0 0 0 131072 0 0 0 131072 0 0 0 0 0 0 0 131072 0 0 0 131072 0 0 0 131072 0 0 0
8 7 1 NO_CERTIFICATE 1 1048576 1048576 0 0 0 0 131072 0 0 0 131072 0 0 0 0 0 0 0 131072 0 0 0 131072 0 0 0 131072 0 0 0 131072 0 0 0 0 0 0 0 131072 0 0 0 131072 0 0 0
8 7 10 NO_CERTIFICATE 1 1048576 1048576 0 0 0 0 131072 0 0 0 131072 0 0 0 0 0 0 0 131072 0 0 0 131072 0 0 0 131072 0 0 0 131072 0 0 0 0 0 0 0 131072 0 0 0 131072 0 0 0
8 9 1 NO_CERTIFICATE 1 1048576 1048576 0 0 0 0 0 0 0 0 131072 0 0 0 131072 0 0 0 131072 0 0 0 131072 0 0 0 131072 0 0 0 131072 0 0 0 131072 0 0 0 131072 0 0 0 0 0 0 0
8 9 5 NO_CERTIFICATE 1 1048576 1048576 0 0 0 0 131072 0 0 0 131072 0 0 0 131072 0 0 0 0 0 0 0 131072 0 0 0 131072 0 0 0 0 0 0 0 131072 0 0 0 131072 0 0 0 131072 0 0 0
8 9 6 NO_CERTIFICATE 1 1048576 1048576 0 0 0 0 131072 0 0 0 131072 0 0 0 131072 0 0 0 0 0 0 0 131072 0 0 0 131072 0 0 0 0 0 0 0 131072 0 0 0 131072 0 0 0 131072 0 0 0
8 9 10 NO_CERTIFICATE 1 1048576 1048576 0 0 0 0 0 0 0 0 131072 0 0 0 131072 0 0 0 131072 0 0 0 131072 0 0 0 131072 0 0 0 131072 0 0 0 131072 0 0 0 131072 0 0 0 0 0 0 0
8 10 2 NO_CERTIFICATE 1 1048576 1048576 0 0 0 0 0 0 0 0 131072 0 0 0 131072 0 0 0 131072 0 0 0 131072 0 0 0 131072 0 0 0 131072 0 0 0 131072 0 0 0 131072 0 0 0 0 0 0 0
8 10 4 NO_CERTIFICATE 1 1048576 1048576 0 0 0 0 131072 0 0 0 131072 0 0 0 0 0 0 0 131072 0 0 0 131072 0 0 0 131072 0 0 0 131072 0 0 0 0 0 0 0 131072 0 0 0 131072 0 0 0
8 10 7 NO_CERTIFICATE 1 1048576 1048576 0 0 0 0 131072 0 0 0 131072 0 0 0 0 0 0 0 131072 0 0 0 131072 0 0 0 131072 0 0 0 131072 0 0 0 0 0 0 0 131072 0 0 0 131072 0 0 0
8 10 9 NO_CERTIFICATE 1 1048576 1048576 0 0 0 0 0 0 0 0 131072 0 0 0 131072 0 0 0 131072 0 0 0 131072 0 0 0 131072 0 0 0 131072 0 0 0 131072 0 0 0 131072 0 0 0 0 0 0 0
9 1 3 NO_CERTIFICATE 1 1048576 1048576 0 0 0 0 0 0 0 0 131072 0 0 0 131072 0 0 0 131072 0 0 0 131072 0 0 0 131072 0 0 0 131072 0 0 0 131072 0 0 0 131072 0 0 0 0 0 0 0
9 1 8 NO_CERTIFICATE 1 1048576 1048576 0 0 0 0 0 0 0 0 131072 0 0 0 131072 0 0 0 131072 0 0 0 131072 0 0 0 131072 0 0 0 131072 0 0 0 131072 0 0 0 131072 0 0 0 0 0 0 0
9 3 1 NO_CERTIFICATE 1 1048576 1048576 0 0 0 0 0 0 0 0 131072 0 0 0 131072 0 0 0 131072 0 0 0 131072 0 0 0 131072 0 0 0 131072 0 0 0 131072 0 0 0 131072 0 0 0 0 0 0 0
9 3 5 NO_CERTIFICATE 1 1048576 1048576 0 0 0 0 131072 0 0 0 131072 0 0 0 131072 0 0 0 0 0 0 0 131072 0 0 0 131072 0 0 0 0 0 0 0 131072 0 0 0 131072 0 0 0 131072 0 0 0
9 3 6 NO_CERTIFICATE 1 1048576 1048576 0 0 0 0 131072 0 0 0 131072 0 0 0 131072 0 0 0 0 0 0 0 131072 0 0 0 131072 0 0 0 0 0 0 0 131072 0 0 0 131072 0 0 0 131072 0 0 0
9 3 10 NO_CERTIFICATE 1 1048576 1048576 0 0 0 0 0 0 0 0 131072 0 0 0 131072 0 0 0 131072 0 0 0 131072 0 0 0 131072 0 0 0 131072 0 0 0 131072 0 0 0 131072 0 0 0 0 0 0 0
9 4 5 NO_CERTIFICATE 1 1048576 1048576 0 0 0 0 131072 0 0 0 131072 0 0 0 131072 0 0 0 131072 0 0 0 0 0 0 0 0 0 0 0 131072 0 0 0 131072 0 0 0 131072 0 0 0 131072 0 0 0
9 4 6 NO_CERTIFICATE 1 1048576 1048576 0 0 0 0 131072 0 0 0 131072 0 0 0 131072 0 0 0 131072 0 0 0 0 0 0 0 0 0 0 0 131072 0 0 0 131072 0 0 0 131072 0 0 0 131072 0 0 0
9 5 3 NO_CERTIFICATE 1 1048576 1048576 0 0 0 0 131072 0 0 0 131072 0 0 0 131072 0 0 0 0 0 0 0 131072 0 0 0 131072 0 0 0 0 0 0 0 131072 0 0 0 131072 0 0 0 131072 0 0 0
9 5 4 NO_CERTIFICATE 1 1048576 1048576 0 0 0 0 131072 0 0 0 131072 0 0 0 131072 0 0 0 131072 0 0 0 0 0 0 0 0 0 0 0 131072 0 0 0 131072 0 0 0 131072 0 0 0 131072 0 0 0
9 5 7 NO_CERTIFICATE 1 1048576 1048576 0 0 0 0 131072 0 0 0 131072 0 0 0 131072 0 0 0 131072 0 0 0 0 0 0 0 0 0 0 0 131072 0 0 0 131072 0 0 0 131072 0 0 0 131072 0 0 0
9 5 8 NO_CERTIFICATE 1 1048576 1048576 0 0 0 0 131072 0 0 0 131072 0 0 0 131072 0 0 0 0 0 0 0 131072 0 0 0 131072 0 0 0 0 0 0 0 131072 0 0 0 131072 0 0 0 131072 0 0 0
9 6 3 NO_CERTIFICATE 1 1048576 1048576 0 0 0 0 131072 0 0 0 131072 0 0 0 131072 0 0 0 0 0 0 0 131072 0 0 0 131072 0 0 0 0 0 0 0 131072 0 0 0 131072 0 0 0 131072 0 0 0
9 6 4 NO_CERTIFICATE 1 1048576 1048576 0 0 0 0 131072 0 0 0 131072 0 0 0 131072 0 0 0 131072 0 0 0 0 0 0 0 0 0 0 0 131072 0 0 0 131072 0 0 0 131072 0 0 0 131072 0 0 0
9 6 7 NO_CERTIFICATE 1 1048576 1048576 0 0 0 0 131072 0 0 0 131072 0 0 0 131072 0 0 0 131072 0 0 0 0 0 0 0 0 0 0 0 131072 0 0 0 131072 0 0 0 131072 0 0 0 131072 0 0 0
9 6 8 NO_CERTIFICATE 1 1048576 1048576 0 0 0 0 131072 0 0 0 131072 0 0 0 131072 0 0 0 0 0 0 0 131072 0 0 0 131072 0 0 0 0 0 0 0 131072 0 0 0 131072 0 0 0 131072 0 0 0
9 7 5 NO_CERTIFICATE 1 1048576 1048576 0 0 0 0 131072 0 0 0 131072 0 0 0 131072 0 0 0 131072 0 0 0 0 0 0 0 0 0 0 0 131072 0 0 0 131072 0 0 0 131072 0 0 0 131072 0 0 0
9 7 6 NO_CERTIFICATE 1 1048576 1048576 0 0 0 0 131072 0 0 0 131072 0 0 0 131072 0 0 0 131072 0 0 0 0 0 0 0 0 0 0 0 131072 0 0 0 131072 0 0 0 131072 0 0 0 131072 0 0 0
9 8 1 NO_CERTIFICATE 1 1048576 1048576 0 0 0 0 0 0 0 0 131072 0 0 0 131072 0 0 0 131072 0 0 0 131072 0 0 0 131072 0 0 0 131072 0 0 0 131072 0 0 0 131072 0 0 0 0 0 0 0
9 8 5 NO_CERTIFICATE 1 1048576 1048576 0 0 0 0 131072 0 0 0 131072 0 0 0 131072 0 0 0 0 0 0 0 131072 0 0 0 131072 0 0 0 0 0 0 0 131072 0 0 0 131072 0 0 0 131072 0 0 0
9 8 6 NO_CERTIFICATE 1 1048576 1048576 0 0 0 0 131072 0 0 0 131072 0 0 0 131072 0 0 0 0 0 0 0 131072 0 0 0 131072 0 0 0 0 0 0 0 131072 0 0 0 131072 0 0 0 131072 0 0 0
9 8 10 NO_CERTIFICATE 1 1048576 1048576 0 0 0 0 0 0 0 0 131072 0 0 0 131072 0 0 0 131072 0 0 0 131072 0 0 0 131072 0 0 0 131072 0 0 0 131072 0 0 0 131072 0 0 0 0 0 0 0
9 10 3 NO_CERTIFICATE 1 1048576 1048576 0 0 0 0 0 0 0 0 131072 0 0 0 131072 0 0 0 131072 0 0 0 131072 0 0 0 131072 0 0 0 131072 0 0 0 131072 0 0 0 131072 0 0 0 0 0 0 0
9 10 8 NO_CERTIFICATE 1 1048576 1048576 0 0 0 0 0 0 0 0 131072 0 0 0 131072 0 0 0 131072 0 0 0 131072 0 0 0 131072 0 0 0 131072 0 0 0 131072 0 0 0 131072 0 0 0 0 0 0 0
10 2 3 NO_CERTIFICATE 1 1048576 1048576 0 0 0 0 0 0 0 0 131072 0 0 0 131072 0 0 0 131072 0 0 0 131072 0 0 0 131072 0 0 0 131072 0 0 0 131072 0 0 0 131072 0 0 0 0 0 0 0
10 2 8 NO_CERTIFICATE 1 1048576 1048576 0 0 0 0 0 0 0 0 131072 0 0 0 131072 0 0 0 131072 0 0 0 131072 0 0 0 131072 0 0 0 131072 0 0 0 131072 0 0 0 131072 0 0 0 0 0 0 0
10 3 2 NO_CERTIFICATE 1 1048576 1048576 0 0 0 0 0 0 0 0 131072 0 0 0 131072 0 0 0 131072 0 0 0 131072 0 0 0 131072 0 0 0 131072 0 0 0 131072 0 0 0 131072 0 0 0 0 0 0 0
10 3 4 NO_CERTIFICATE 1 1048576 1048576 0 0 0 0 131072 0 0 0 131072 0 0 0 0 0 0 0 131072 0 0 0 131072 0 0 0 131072 0 0 0 131072 0 0 0 0 0 0 0 131072 0 0 0 131072 0 0 0
10 3 7 NO_CERTIFICATE 1 1048576 1048576 0 0 0 0 131072 0 0 0 131072 0 0 0 0 0 0 0 131072 0 0 0 131072 0 0 0 131072 0 0 0 131072 0 0 0 0 0 0 0 131072 0 0 0 131072 0 0 0
10 3 9 NO_CERTIFICATE 1 1048576 1048576 0 0 0 0 0 0 0 0 131072 0 0 0 131072 0 0 0 131072 0 0 0 131072 0 0 0 131072 0 0 0 131072 0 0 0 131072 0 0 0 131072 0 0 0 0 0 0 0
10 4 3 NO_CERTIFICATE 1 1048576 1048576 0 0 0 0 131072 0 0 0 131072 0 0 0 0 0 0 0 131072 0 0 0 131072 0 0 0 131072 0 0 0 131072 0 0 0 0 0 0 0 131072 0 0 0 131072 0 0 0
10 4 5 NO_CERTIFICATE 1 1048576 1048576 0 0 0 0 131072 0 0 0 0 0 0 0 131072 0 0 0 131072 0 0 0 131072 0 0 0 131072 0 0 0 131072 0 0 0 131072 0 0 0 0 0 0 0 131072 0 0 0
10 4 6 NO_CERTIFICATE 1 1048576 1048576 0 0 0 0 131072 0 0 0 0 0 0 0 131072 0 0 0 131072 0 0 0 131072 0 0 0 131072 0 0 0 131072 0 0 0 131072 0 0 0 0 0 0 0 131072 0 0 0
10 4 8 NO_CERTIFICATE 1 1048576 1048576 0 0 0 0 131072 0 0 0 131072 0 0 0 0 0 0 0 131072 0 0 0 131072 0 0 0 131072 0 0 0 131072 0 0 0 0 0 0 0 131072 0 0 0 131072 0 0 0
10 5 4 NO_CERTIFICATE 1 1048576 1048576 0 0 0 0 131072 0 0 0 0 0 0 0 131072 0 0 0 131072 0 0 0 131072 0 0 0 131072 0 0 0 131072 0 0 0 131072 0 0 0 0 0 0 0 131072 0 0 0
10 5 7 NO_CERTIFICATE 1 1048576 1048576 0 0 0 0 131072 0 0 0 0 0 0 0 131072 0 0 0 131072 0 0 0 131072 0 0 0 131072 0 0 0 131072 0 0 0 131072 0 0 0 0 0 0 0 131072 0 0 0
10 6 4 NO_CERTIFICATE 1 1048576 1048576 0 0 0 0 131072 0 0 0 0 0 0 0 131072 0 0 0 131072 0 0 0 131072 0 0 0 131072 0 0 0 131072 0 0 0 131072 0 0 0 0 0 0 0 131072 0 0 0
10 6 7 NO_CERTIFICATE 1 1048576 1048576 0 0 0 0 131072 0 0 0 0 0 0 0 131072 0 0 0 131072 0 0 0 131072 0 0 0 131072 0 0 0 131072 0 0 0 131072 0 0 0 0 0 0 0 131072 0 0 0
10 7 3 NO_CERTIFICATE 1 1048576 1048576 0 0 0 0 131072 0 0 0 131072 0 0 0 0 0 0 0 131072 0 0 0 131072 0 0 0 131072 0 0 0 131072 0 0 0 0 0 0 0 131072 0 0 0 131072 0 0 0
10 7 5 NO_CERTIFICATE 1 1048576 1048576 0 0 0 0 131072 0 0 0 0 0 0 0 131072 0 0 0 131072 0 0 0 131072 0 0 0 131072 0 0 0 131072 0 0 0 131072 0 0 0 0 0 0 0 131072 0 0 0
10 7 6 NO_CERTIFICATE 1 1048576 1048576 0 0 0 0 131072 0 0 0 0 0 0 0 131072 0 0 0 131072 0 0 0 131072 0 0 0 131072 0 0 0 131072 0 0 0 131072 0 0 0 0 0 0 0 131072 0 0 0
10 7 8 NO_CERTIFICATE 1 1048576 1048576 0 0 0 0 131072 0 0 0 131072 0 0 0 0 0 0 0 131072 0 0 0 131072 0 0 0 131072 0 0 0 131072 0 0 0 0 0 0 0 131072 0 0 0 131072 0 0 0
10 8 2 NO_CERTIFICATE 1 1048576 1048576 0 0 0 0 0 0 0 0 131072 0 0 0 131072 0 0 0 131072 0 0 0 131072 0 0 0 131072 0 0 0 131072 0 0 0 131072 0 0 0 131072 0 0 0 0 0 0 0
10 8 4 NO_CERTIFICATE 1 1048576 1048576 0 0 0 0 131072 0 0 0 131072 0 0 0 0 0 0 0 131072 0 0 0 131072 0 0 0 131072 0 0 0 131072 0 0 0 0 0 0 0 131072 0 0 0 131072 0 0 0
10 8 7 NO_CERTIFICATE 1 1048576 1048576 0 0 0 0 131072 0 0 0 131072 0 0 0 0 0 0 0 131072 0 0 0 131072 0 0 0 131072 0 0 0 131072 0 0 0 0 0 0 0 131072 0 0 0 131072 0 0 0
10 8 9 NO_CERTIFICATE 1 1048576 1048576 0 0 0 0 0 0 0 0 131072 0 0 0 131072 0 0 0 131072 0 0 0 131072 0 0 0 131072 0 0 0 131072 0 0 0 131072 0 0 0 131072 0 0 0 0 0 0 0
10 9 3 NO_CERTIFICATE 1 1048576 1048576 0 0 0 0 0 0 0 0 131072 0 0 0 131072 0 0 0 131072 0 0 0 131072 0 0 0 131072 0 0 0 131072 0 0 0 131072 0 0 0 131072 0 0 0 0 0 0 0
10 9 8 NO_CERTIFICATE 1 1048576 1048576 0 0 0 0 0 0 0 0 131072 0 0 0 131072 0 0 0 131072 0 0 0 131072 0 0 0 131072 0 0 0 131072 0 0 0 131072 0 0 0 131072 0 0 0 0 0 0 0
