0 CAP 2000001 22054611
1 CAP 2000001 22964853
2 CAP 2000001 22905266
3 CAP 2000001 24210195
4 CAP 2000001 22874992
5 CAP 2000001 22945896
6 CAP 2000001 22891265
7 CAP 2000001 22889858
8 CAP 2000001 23694478
9 CAP 2000001 22928740
10 CAP 2000001 24496299
11 CAP 2000001 24584964
12 CAP 2000001 25196561
13 CAP 2000001 24334234
14 CAP 2000001 24423637
15 CAP 2000001 24930499
16 CAP 2000001 24727960
17 CAP 2000001 24249469
18 CAP 2000001 25284089
19 CAP 2000001 24844349
20 CAP 2000001 23952210
21 CAP 2000001 24030428
22 CAP 2000001 23544293
23 CAP 2000001 24050206
24 CAP 2000001 24076313
25 CAP 2000001 24143677
26 CAP 2000001 23922755
27 CAP 2000001 24763145
28 CAP 2000001 24405173
29 CAP 2000001 24468672
30 CAP 2000001 24502761
31 CAP 2000001 24917249
32 CAP 2000001 24082290
33 CAP 2000001 24382582
34 CAP 2000001 25905907
35 CAP 2000001 23633725
36 CAP 2000001 23751004
37 CAP 2000001 23581259
38 CAP 2000001 25040988
39 CAP 2000001 24431143
40 CAP 2000001 24573652
41 CAP 2000001 24051313
42 CAP 2000001 23813405
43 CAP 2000001 23773821
44 CAP 2000001 23735814
45 CAP 2000001 23646425
46 CAP 2000001 23821159
47 CAP 2000001 23016707
48 CAP 2000001 23495409
49 CAP 2000001 23084292
50 CAP 2000001 24187886
51 CAP 2000001 23632874
52 CAP 2000001 24187888
53 CAP 2000001 23640279
54 CAP 2000001 23876129
55 CAP 2000001 24595099
56 CAP 2000001 24004538
57 CAP 2000001 24615258
58 CAP 2000001 24750157
59 CAP 2000001 24409409
60 CAP 2000001 24387644
61 CAP 2000001 24490372
62 CAP 2000001 24103716
63 CAP 2000001 25959681
64 CAP 2000001 23642302
65 CAP 2000001 24148620
66 CAP 2000001 25183345
67 CAP 2000001 24843211
68 CAP 2000001 24145153
69 CAP 2000001 24136000
70 CAP 2000001 23446646
71 CAP 2000001 23885690
72 CAP 2000001 24466893
73 CAP 2000001 25045990
74 CAP 2000001 24134062
75 CAP 2000001 23814632
76 CAP 2000001 23820302
77 CAP 2000001 25000169
78 CAP 2000001 23920298
79 CAP 2000001 24818295
80 CAP 2000001 24186592
81 CAP 2000001 23651207
82 CAP 2000001 25002311
83 CAP 2000001 23390926
84 CAP 2000001 23762793
85 CAP 2000001 23845052
86 CAP 2000001 24194058
87 CAP 2000001 23591930
88 CAP 2000001 24094111
89 CAP 2000001 24827171
90 CAP 2000001 24409783
91 CAP 2000001 23675491
92 CAP 2000001 23670067
93 CAP 2000001 24254516
94 CAP 2000001 23978079
95 CAP 2000001 24029476
96 CAP 2000001 24690449
97 CAP 2000001 24885782
98 CAP 2000001 23642050
99 CAP 2000001 23783895
