1 1 2 3 5 7 8 9 10 11 12 13 27
1 1 2 3 5 7 8 9 10 11 12 13 38
1 1 2 3 5 7 8 9 10 11 12 13 42
1 1 2 3 5 7 8 9 10 11 12 13 46
1 1 2 3 5 7 8 9 10 11 12 13 50
1 1 2 3 5 7 8 9 10 11 12 13 61
1 1 2 3 5 7 8 9 10 11 12 13 65
1 1 2 3 5 7 8 9 10 11 12 13 69
1 1 2 3 5 7 8 9 10 11 12 13 84
1 1 2 3 5 7 8 9 10 11 12 13 88
1 2 7 8 9 11 13 20 29 41 76 84 87
1 2 7 8 9 11 13 20 29 41 76 84 93
1 2 7 8 9 11 13 20 29 41 81 84 85
1 2 7 8 9 11 13 20 29 41 81 84 90
1 2 7 8 9 11 13 20 29 41 81 84 95
1 2 7 8 9 11 13 20 29 42 43 56 76
1 2 7 8 9 11 13 20 29 42 48 56 76
1 2 7 8 9 11 13 20 29 42 55 56 76
1 2 7 8 9 11 13 20 29 42 56 60 76
1 2 7 8 9 11 13 20 29 42 56 67 76
1 2 12 31 34 37 43 45 49 50 76 80 92
1 2 12 31 34 41 52 61 64 67 70 73 83
1 2 12 31 34 43 47 52 60 77 91 92 96
1 2 12 31 34 43 47 54 60 64 66 92 98
1 2 12 31 34 58 59 65 66 73 92 96 98
1 2 12 31 35 36 37 38 39 40 55 58 79
1 2 12 31 35 36 37 38 40 55 58 78 79
1 2 12 31 35 36 37 38 55 64 73 79 91
1 2 12 31 35 36 54 61 66 68 79 95 96
1 2 12 31 35 37 38 45 52 80 83 89 92
1 3 4 10 22 27 47 48 51 57 69 75 91
1 3 4 10 22 27 47 48 51 69 71 75 91
1 3 4 10 22 27 47 48 60 69 71 75 91
1 3 4 10 22 27 47 48 69 71 74 75 91
1 3 4 10 22 27 47 48 69 71 75 88 91
1 3 4 10 22 27 47 48 74 75 77 78 90
1 3 4 10 22 27 47 50 57 60 69 91 96
1 3 4 10 22 27 47 51 69 71 72 75 91
1 3 4 10 22 27 47 57 60 62 69 91 96
1 3 4 10 22 27 47 57 60 69 75 91 96
1 3 7 8 10 18 25 26 38 55 84 94 97
1 3 7 8 10 18 25 26 38 56 84 94 97
1 3 7 8 10 18 25 26 38 66 84 94 97
1 3 7 8 10 18 25 26 38 67 84 94 97
1 3 7 8 10 18 25 26 38 68 84 88 94
1 3 7 8 10 18 25 26 38 77 84 94 97
1 3 7 8 10 18 25 26 38 78 84 94 97
1 3 7 8 10 18 25 26 38 80 84 88 94
1 3 7 8 10 18 25 26 38 84 85 88 94
1 3 7 8 10 18 25 26 38 84 88 94 97
1 3 8 15 18 23 27 29 50 83 84 89 95
1 3 8 15 18 23 27 31 38 42 78 80 83
1 3 8 15 18 23 27 31 38 43 63 83 89
1 3 8 15 18 23 27 31 38 63 78 83 89
1 3 8 15 18 23 27 31 38 68 70 78 83
1 3 8 15 18 23 27 31 43 57 63 83 89
1 3 8 15 18 23 27 31 43 63 66 83 89
1 3 8 15 18 23 27 31 43 63 76 83 89
1 3 8 15 18 23 27 31 43 63 83 85 89
1 3 8 15 18 23 27 31 43 63 83 89 95
1 3 14 16 22 25 47 56 63 69 72 80 90
1 3 14 16 22 25 47 63 64 69 72 80 82
1 3 14 16 22 25 47 63 64 69 72 80 92
1 3 14 16 22 25 47 63 64 69 72 80 97
1 3 14 16 22 25 47 63 64 72 78 80 92
1 3 14 16 22 25 47 63 64 72 80 92 95
1 3 14 16 22 25 47 63 69 72 80 82 90
1 3 14 16 22 25 47 63 69 72 80 90 92
1 3 14 16 22 25 47 63 69 72 80 90 97
1 3 14 16 22 25 47 63 72 78 80 90 92
1 4 5 23 24 34 42 43 71 76 77 80 81
1 4 5 23 24 34 42 44 47 78 90 93 95
1 4 5 23 24 34 42 44 50 80 90 94 95
1 4 5 23 24 34 42 44 50 90 93 94 95
1 4 5 23 24 34 42 44 57 90 93 94 95
1 4 5 23 24 34 42 44 58 78 90 93 95
1 4 5 23 24 34 42 44 64 90 93 94 95
1 4 5 23 24 34 42 44 78 90 93 94 95
1 4 5 23 24 34 45 47 50 53 78 96 98
1 4 5 23 24 34 47 49 59 63 78 83 93
1 4 11 13 17 25 28 30 48 63 76 97 98
1 4 11 13 17 25 28 30 63 76 96 97 98
1 4 11 13 17 25 29 36 38 56 86 88 89
1 4 11 13 17 25 30 36 42 48 76 97 98
1 4 11 13 17 25 30 36 48 76 89 97 98
1 4 11 13 17 25 30 36 63 76 96 97 98
1 4 11 13 17 25 30 36 73 76 96 97 98
1 4 11 13 17 25 30 36 76 88 89 97 98
1 4 11 13 17 25 30 38 63 64 96 97 98
1 4 11 13 17 25 30 43 46 63 64 85 89
1 5 6 17 33 35 52 60 63 64 69 85 93
1 5 6 17 33 35 52 60 63 69 85 93 96
1 5 6 17 33 36 38 48 49 74 86 89 93
1 5 6 17 33 36 38 53 64 70 78 88 89
1 5 6 17 33 36 42 46 62 74 79 80 85
1 5 6 17 33 36 42 49 60 70 76 93 96
1 5 6 17 33 36 43 46 57 60 63 93 96
1 5 6 17 33 36 43 46 60 63 85 93 96
1 5 6 17 33 40 43 46 60 63 85 93 96
1 5 6 17 33 40 46 63 78 85 90 95 96
