10
11
12
13
14
15
16
17
18
19
474903
474904
474905
474906
474907
474908
474909
474910
474911
474912
949797
949798
949799
949800
949801
949802
949803
949804
949805
949806
1424691
1424692
1424693
1424694
1424695
1424696
1424697
1424698
1424699
1424700
1899585
1899586
1899587
1899588
1899589
1899590
1899591
1899592
1899593
1899594
2374479
2374480
2374481
2374482
2374483
2374484
2374485
2374486
2374487
2374488
2849372
2849373
2849374
2849375
2849376
2849377
2849378
2849379
2849380
2849381
3324266
3324267
3324268
3324269
3324270
3324271
3324272
3324273
3324274
3324275
3799160
3799161
3799162
3799163
3799164
3799165
3799166
3799167
3799168
3799169
4274054
4274055
4274056
4274057
4274058
4274059
4274060
4274061
4274062
4274063
